0.000000 4.000000 0.000000 100.000000 4.000000 0.000000 50.000000
0.100000 8.000000 0.004000 100.000000 8.000000 0.004000 50.000000
0.200000 12.000000 0.015980 100.000000 12.000000 0.015980 50.000000
0.300000 16.000000 0.039900 100.000000 16.000000 0.039900 50.000000
0.400000 20.000000 0.079701 100.000000 20.000000 0.079701 50.000000
0.500000 24.000000 0.139302 100.000000 24.000000 0.139302 50.000000
0.600000 28.000000 0.222606 100.000000 28.000000 0.222606 50.000000
0.700000 32.000000 0.333493 100.000000 32.000000 0.333493 50.000000
0.800000 36.000000 0.475825 100.000000 36.000000 0.475825 50.000000
0.900000 40.000000 0.653446 100.000000 40.000000 0.653446 50.000000
1.000000 44.000000 0.870179 100.000000 44.000000 0.870179 50.000000
1.100000 48.000000 1.129828 100.000000 48.000000 1.129828 50.000000
1.200000 52.000000 1.436179 100.000000 52.000000 1.436179 50.000000
1.300000 56.000000 1.792998 100.000000 56.000000 1.792998 50.000000
1.400000 60.000000 2.204033 100.000000 60.000000 2.204033 50.000000
1.500000 64.000000 2.673013 100.000000 64.000000 2.673013 50.000000
1.600000 68.000000 3.203648 100.000000 68.000000 3.203648 50.000000
1.700000 72.000000 3.799629 100.000000 72.000000 3.799629 50.000000
1.800000 76.000000 4.464631 100.000000 68.000000 4.464631 50.000000
1.900000 80.000000 5.202308 100.000000 64.000000 5.194308 50.000000
2.000000 84.000000 6.016297 100.000000 60.000000 5.984337 50.000000
2.100000 88.000000 6.910215 100.000000 56.000000 6.830415 50.000000
2.200000 92.000000 7.887664 100.000000 52.000000 7.728263 50.000000
2.300000 93.399121 8.952226 100.000000 48.000000 8.673621 50.000000
2.400000 89.399121 10.104864 100.000000 44.000000 9.662253 50.000000
2.500000 85.399121 11.341138 100.000000 40.000000 10.689942 50.000000
2.600000 81.399121 12.656629 100.000000 36.000000 11.752492 50.000000
2.700000 77.399121 14.046943 100.000000 32.000000 12.845730 50.000000
2.800000 73.399121 15.507703 100.000000 28.000000 13.965501 50.000000
2.900000 69.399121 17.034560 100.000000 24.000000 15.107674 50.000000
3.000000 65.399121 18.623181 100.000000 20.000000 16.268135 50.000000
3.100000 61.399121 20.269258 100.000000 16.000000 17.442795 50.000000
3.200000 57.399121 21.968504 100.000000 12.000000 18.627581 50.000000
3.300000 53.399121 23.716652 100.000000 8.000000 19.818443 50.000000
3.400000 49.399121 25.509459 100.000000 4.000000 21.011351 50.000000
3.500000 45.399121 27.342701 100.000000 0.000000 22.202294 50.000000
3.600000 41.399121 29.212177 100.000000 -4.000000 23.387282 50.000000
3.700000 37.399121 31.113703 100.000000 -8.000000 24.562346 50.000000
3.800000 33.399121 33.043122 100.000000 -12.000000 25.723534 50.000000
3.900000 29.399121 34.996292 100.000000 -16.000000 26.866917 50.000000
4.000000 25.399121 36.969096 100.000000 -20.000000 27.988582 50.000000
4.100000 21.399121 38.957434 100.000000 -24.000000 29.084639 50.000000
4.200000 17.399121 40.957230 100.000000 -28.000000 30.151216 50.000000
4.300000 13.399121 42.964427 100.000000 -32.000000 31.184460 50.000000
4.400000 9.399121 44.974986 100.000000 -36.000000 32.180538 50.000000
4.500000 5.399121 46.984892 100.000000 -40.000000 33.135635 50.000000
4.600000 1.399121 48.990147 100.000000 -44.000000 34.045957 50.000000
4.700000 -2.600879 50.986775 100.000000 -48.000000 34.907727 50.000000
4.800000 -6.600879 52.970819 100.000000 -52.000000 35.717188 50.000000
4.900000 -10.600879 54.938342 100.000000 -52.233637 36.470602 50.000000
5.000000 -14.600879 56.885427 100.000000 -52.006046 37.168016 50.000000
5.100000 -18.600879 58.808175 100.000000 -51.449285 37.809936 50.000000
5.200000 -22.600879 60.702709 100.000000 -50.588496 38.397197 50.000000
5.300000 -26.600879 62.565169 100.000000 -49.449159 38.930934 50.000000
5.400000 -30.600879 64.391716 100.000000 -48.056907 39.412552 50.000000
5.500000 -34.600879 66.178529 100.000000 -46.437351 39.843706 50.000000
5.600000 -38.600879 67.921808 100.000000 -44.615920 40.226267 50.000000
5.700000 -42.600879 69.617769 100.000000 -42.617707 40.562299 50.000000
5.800000 -46.600879 71.262649 100.000000 -40.467332 40.854033 50.000000
5.900000 -50.600879 72.852704 100.000000 -38.188814 41.103841 50.000000
6.000000 -54.600879 74.384208 100.000000 -35.805455 41.314211 50.000000
6.100000 -55.711349 75.853454 100.000000 -33.339734 41.487724 50.000000
6.200000 -55.786801 77.259642 100.000000 -30.813222 41.627029 50.000000
6.300000 -55.631388 78.603012 100.000000 -28.246493 41.734825 50.000000
6.400000 -55.262348 79.884034 100.000000 -25.659063 41.813835 50.000000
6.500000 -54.696590 81.103388 100.000000 -23.069329 41.866791 50.000000
6.600000 -53.950653 82.261950 100.000000 -20.494520 41.896414 50.000000
6.700000 -53.040659 83.360767 100.000000 -17.950666 41.905393 50.000000
6.800000 -51.982274 84.401050 100.000000 -15.452568 41.896377 50.000000
6.900000 -50.790672 85.384149 100.000000 -13.013784 41.871953 50.000000
7.000000 -49.480510 86.311543 100.000000 -10.646618 41.834638 50.000000
7.100000 -48.065897 87.184818 100.000000 -8.362122 41.786863 50.000000
7.200000 -46.560376 88.005662 100.000000 -6.170107 41.730964 50.000000
7.300000 -44.976907 88.775840 100.000000 -4.079156 41.669175 50.000000
7.400000 -43.327851 89.497191 100.000000 -2.096651 41.603616 50.000000
7.500000 -41.624963 90.171608 100.000000 -0.228797 41.536287 50.000000
7.600000 -39.879383 90.801027 100.000000 1.519340 41.469067 50.000000
7.700000 -38.101633 91.387420 100.000000 3.143792 41.403702 50.000000
7.800000 -36.301616 91.932779 100.000000 4.641645 41.341808 50.000000
7.900000 -34.488620 92.439110 100.000000 6.010995 41.284865 50.000000
8.000000 -32.671319 92.908420 100.000000 7.250889 41.234217 50.000000
8.100000 -30.857782 93.342713 100.000000 8.361276 41.191074 50.000000
8.200000 -29.055483 93.743977 100.000000 9.342946 41.156507 50.000000
8.300000 -27.271309 94.114178 100.000000 10.197475 41.131457 50.000000
8.400000 -25.511574 94.455258 100.000000 10.927163 41.116729 50.000000
8.500000 -23.782033 94.769120 100.000000 11.534972 41.113002 50.000000
8.600000 -22.087898 95.057631 100.000000 12.024468 41.120828 50.000000
8.700000 -20.433853 95.322611 100.000000 12.399758 41.140640 50.000000
8.800000 -18.824073 95.565833 100.000000 12.665427 41.172753 50.000000
8.900000 -17.262245 95.789015 100.000000 12.826483 41.217370 50.000000
9.000000 -15.751580 95.993818 100.000000 12.888293 41.274591 50.000000
9.100000 -14.294843 96.181846 100.000000 12.856530 41.344414 50.000000
9.200000 -12.894365 96.354639 100.000000 12.737112 41.426745 50.000000
9.300000 -11.552068 96.513674 100.000000 12.536156 41.521401 50.000000
9.400000 -10.269487 96.660361 100.000000 12.259917 41.628119 50.000000
9.500000 -9.047789 96.796045 100.000000 11.914747 41.746564 50.000000
9.600000 -7.887793 96.922003 100.000000 11.507043 41.876332 50.000000
9.700000 -6.789998 97.039444 100.000000 11.043204 42.016958 50.000000
9.800000 -5.754595 97.149507 100.000000 10.529591 42.167924 50.000000
9.900000 -4.781495 97.253266 100.000000 9.972490 42.328664 50.000000
10.000000 -3.870347 97.351724 100.000000 9.378071 42.498574 50.000000
10.100000 -3.020559 97.445820 100.000000 8.752361 42.677012 50.000000
10.200000 -2.231315 97.536424 100.000000 8.101212 42.863310 50.000000
10.300000 -1.501600 97.624344 100.000000 7.430275 43.056778 50.000000
10.400000 -0.830213 97.710323 100.000000 6.744975 43.256709 50.000000
10.500000 -0.215789 97.795042 100.000000 6.050494 43.462385 50.000000
10.600000 0.343184 97.879122 100.000000 5.351750 43.673083 50.000000
10.700000 0.848349 97.963124 100.000000 4.653382 43.888080 50.000000
10.800000 1.301463 98.047555 100.000000 3.959739 44.106654 50.000000
10.900000 1.704380 98.132865 100.000000 3.274873 44.328096 50.000000
11.000000 2.059038 98.219452 100.000000 2.602527 44.551706 50.000000
11.100000 2.367444 98.307666 100.000000 1.946131 44.776800 50.000000
11.200000 2.631662 98.397806 100.000000 1.308804 45.002714 50.000000
11.300000 2.853794 98.490128 100.000000 0.693351 45.228808 50.000000
11.400000 3.035977 98.584841 100.000000 0.102263 45.454465 50.000000
11.500000 3.180364 98.682117 100.000000 -0.462276 45.679095 50.000000
11.600000 3.289120 98.782086 100.000000 -0.998385 45.902140 50.000000
11.700000 3.364404 98.884845 100.000000 -1.504478 46.123072 50.000000
11.800000 3.408368 98.990455 100.000000 -1.979258 46.341395 50.000000
11.900000 3.423143 99.098945 100.000000 -2.421706 46.556646 50.000000
12.000000 3.410834 99.210316 100.000000 -2.831066 46.768400 50.000000
12.100000 3.373512 99.324540 100.000000 -3.206840 46.976264 50.000000
12.200000 3.313207 99.441567 100.000000 -3.548771 47.179881 50.000000
12.300000 3.231904 99.561323 100.000000 -3.856829 47.378932 50.000000
12.400000 3.131535 99.683711 100.000000 -4.131199 47.573131 50.000000
12.500000 3.013977 99.808619 100.000000 -4.372266 47.762227 50.000000
12.600000 2.881046 99.935916 100.000000 -4.580597 47.946006 50.000000
12.700000 2.734494 100.065458 100.000000 -4.756930 48.124285 50.000000
12.800000 2.576009 100.197086 100.000000 -4.902156 48.296916 50.000000
12.900000 2.407207 100.330633 100.000000 -5.017306 48.463782 50.000000
13.000000 2.229634 100.465919 100.000000 -5.103531 48.624796 50.000000
13.100000 2.044765 100.602758 100.000000 -5.162093 48.779901 50.000000
13.200000 1.853997 100.740958 100.000000 -5.194346 48.929069 50.000000
13.300000 1.658657 100.880320 100.000000 -5.201722 49.072297 50.000000
13.400000 1.459995 101.020645 100.000000 -5.185720 49.209607 50.000000
13.500000 1.259187 101.161728 100.000000 -5.147888 49.341044 50.000000
13.600000 1.057333 101.303364 100.000000 -5.089812 49.466676 50.000000
13.700000 0.855460 101.445350 100.000000 -5.013106 49.586591 50.000000
13.800000 0.654522 101.587482 100.000000 -4.919394 49.700893 50.000000
13.900000 0.455402 101.729557 100.000000 -4.810305 49.809703 50.000000
14.000000 0.258909 101.871377 100.000000 -4.687460 49.913160 50.000000
14.100000 0.065787 102.012747 100.000000 -4.552463 50.011412 50.000000
14.200000 -0.123290 102.153476 100.000000 -4.406888 50.104620 50.000000
14.300000 -0.307712 102.293378 100.000000 -4.252276 50.192955 50.000000
14.400000 -0.486933 102.432273 100.000000 -4.090128 50.276596 50.000000
14.500000 -0.660467 102.569987 100.000000 -3.921890 50.355729 50.000000
14.600000 -0.827890 102.706351 100.000000 -3.748958 50.430544 50.000000
14.700000 -0.988830 102.841206 100.000000 -3.572663 50.501236 50.000000
14.800000 -1.142974 102.974398 100.000000 -3.394274 50.568002 50.000000
14.900000 -1.290055 103.105780 100.000000 -3.214988 50.631040 50.000000
15.000000 -1.429861 103.235216 100.000000 -3.035932 50.690548 50.000000
15.100000 -1.562222 103.362575 100.000000 -2.858156 50.746722 50.000000
15.200000 -1.687013 103.487734 100.000000 -2.682634 50.799758 50.000000
15.300000 -1.804152 103.610581 100.000000 -2.510263 50.849845 50.000000
15.400000 -1.913594 103.731010 100.000000 -2.341859 50.897172 50.000000
15.500000 -2.015330 103.848922 100.000000 -2.178161 50.941920 50.000000
15.600000 -2.109385 103.964230 100.000000 -2.019829 50.984267 50.000000
15.700000 -2.195816 104.076852 100.000000 -1.867444 51.024382 50.000000
15.800000 -2.274707 104.186715 100.000000 -1.721511 51.062428 50.000000
15.900000 -2.346170 104.293754 100.000000 -1.582462 51.098564 50.000000
16.000000 -2.410340 104.397912 100.000000 -1.450655 51.132935 50.000000
16.100000 -2.467374 104.499138 100.000000 -1.326376 51.165685 50.000000
16.200000 -2.517448 104.597391 100.000000 -1.209847 51.196944 50.000000
16.300000 -2.560755 104.692635 100.000000 -1.101223 51.226837 50.000000
16.400000 -2.597504 104.784842 100.000000 -1.000597 51.255480 50.000000
16.500000 -2.627918 104.873991 100.000000 -0.908005 51.282978 50.000000
16.600000 -2.652230 104.960066 100.000000 -0.823430 51.309432 50.000000
16.700000 -2.670683 105.043059 100.000000 -0.746800 51.334929 50.000000
16.800000 -2.683528 105.122965 100.000000 -0.677999 51.359552 50.000000
16.900000 -2.691022 105.199789 100.000000 -0.616868 51.383374 50.000000
17.000000 -2.693428 105.273538 100.000000 -0.563206 51.406460 50.000000
17.100000 -2.691010 105.344224 100.000000 -0.516777 51.428868 50.000000
17.200000 -2.684037 105.411866 100.000000 -0.477315 51.450647 50.000000
17.300000 -2.672776 105.476486 100.000000 -0.444523 51.471839 50.000000
17.400000 -2.657493 105.538110 100.000000 -0.418083 51.492481 50.000000
17.500000 -2.638457 105.596768 100.000000 -0.397654 51.512602 50.000000
17.600000 -2.615928 105.652495 100.000000 -0.382879 51.532224 50.000000
17.700000 -2.590168 105.705327 100.000000 -0.373385 51.551365 50.000000
17.800000 -2.561430 105.755304 100.000000 -0.368792 51.570038 50.000000
17.900000 -2.529966 105.802471 100.000000 -0.368710 51.588248 50.000000
18.000000 -2.496020 105.846871 100.000000 -0.372746 51.605998 50.000000
18.100000 -2.459828 105.888554 100.000000 -0.380506 51.623287 50.000000
18.200000 -2.421623 105.927568 100.000000 -0.391597 51.640109 50.000000
18.300000 -2.381627 105.963965 100.000000 -0.405628 51.656455 50.000000
18.400000 -2.340056 105.997799 100.000000 -0.422216 51.672314 50.000000
18.500000 -2.297116 106.029124 100.000000 -0.440986 51.687672 50.000000
18.600000 -2.253007 106.057995 100.000000 -0.461572 51.702511 50.000000
18.700000 -2.207919 106.084469 100.000000 -0.483620 51.716815 50.000000
18.800000 -2.162031 106.108602 100.000000 -0.506791 51.730564 50.000000
18.900000 -2.115516 106.130453 100.000000 -0.530759 51.743737 50.000000
19.000000 -2.068537 106.150078 100.000000 -0.555214 51.756313 50.000000
19.100000 -2.021248 106.167538 100.000000 -0.579864 51.768272 50.000000
19.200000 -1.973792 106.182888 100.000000 -0.604434 51.779591 50.000000
19.300000 -1.926304 106.196188 100.000000 -0.628667 51.790248 50.000000
19.400000 -1.878912 106.207496 100.000000 -0.652326 51.800224 50.000000
19.500000 -1.831733 106.216868 100.000000 -0.675193 51.809498 50.000000
19.600000 -1.784874 106.224361 100.000000 -0.697069 51.818050 50.000000
19.700000 -1.738436 106.230032 100.000000 -0.717774 51.825862 50.000000
19.800000 -1.692511 106.233936 100.000000 -0.737150 51.832917 50.000000
19.900000 -1.647181 106.236128 100.000000 -0.755055 51.839200 50.000000
20.000000 -1.602522 106.236662 100.000000 -0.771369 51.844697 50.000000
20.100000 -1.558602 106.235591 100.000000 -0.785988 51.849394 50.000000
20.200000 -1.515481 106.232966 100.000000 -0.798828 51.853282 50.000000
20.300000 -1.473211 106.228839 100.000000 -0.809821 51.856352 50.000000
20.400000 -1.431839 106.223260 100.000000 -0.818918 51.858597 50.000000
20.500000 -1.391405 106.216277 100.000000 -0.826084 51.860012 50.000000
20.600000 -1.351941 106.207937 100.000000 -0.831300 51.860593 50.000000
20.700000 -1.313476 106.198287 100.000000 -0.834562 51.860340 50.000000
20.800000 -1.276030 106.187371 100.000000 -0.835879 51.859254 50.000000
20.900000 -1.239621 106.175235 100.000000 -0.835274 51.857338 50.000000
21.000000 -1.204259 106.161919 100.000000 -0.832779 51.854595 50.000000
21.100000 -1.169952 106.147465 100.000000 -0.828441 51.851034 50.000000
21.200000 -1.136701 106.131914 100.000000 -0.822312 51.846662 50.000000
21.300000 -1.104505 106.115304 100.000000 -0.814457 51.841490 50.000000
21.400000 -1.073359 106.097673 100.000000 -0.804948 51.835529 50.000000
21.500000 -1.043252 106.079056 100.000000 -0.793862 51.828793 50.000000
21.600000 -1.014173 106.059489 100.000000 -0.781284 51.821296 50.000000
21.700000 -0.986107 106.039006 100.000000 -0.767305 51.813056 50.000000
21.800000 -0.959036 106.017639 100.000000 -0.752017 51.804090 50.000000
21.900000 -0.932940 105.995420 100.000000 -0.735519 51.794416 50.000000
22.000000 -0.907796 105.972379 100.000000 -0.717911 51.784056 50.000000
22.100000 -0.883581 105.948546 100.000000 -0.699294 51.773029 50.000000
22.200000 -0.860268 105.923948 100.000000 -0.679770 51.761358 50.000000
22.300000 -0.837830 105.898613 100.000000 -0.659444 51.749066 50.000000
22.400000 -0.816240 105.872566 100.000000 -0.638418 51.736176 50.000000
22.500000 -0.795468 105.845834 100.000000 -0.616794 51.722712 50.000000
22.600000 -0.775483 105.818440 100.000000 -0.594671 51.708698 50.000000
22.700000 -0.756255 105.790407 100.000000 -0.572149 51.694160 50.000000
22.800000 -0.737753 105.761758 100.000000 -0.549322 51.679122 50.000000
22.900000 -0.719946 105.732515 100.000000 -0.526284 51.663610 50.000000
23.000000 -0.702802 105.702698 100.000000 -0.503122 51.647650 50.000000
23.100000 -0.686289 105.672327 100.000000 -0.479923 51.631266 50.000000
23.200000 -0.670377 105.641422 100.000000 -0.456768 51.614484 50.000000
23.300000 -0.655035 105.610001 100.000000 -0.433732 51.597329 50.000000
23.400000 -0.640231 105.578082 100.000000 -0.410890 51.579826 50.000000
23.500000 -0.625936 105.545683 100.000000 -0.388307 51.562000 50.000000
23.600000 -0.612121 105.512819 100.000000 -0.366048 51.543875 50.000000
23.700000 -0.598756 105.479508 100.000000 -0.344168 51.525474 50.000000
23.800000 -0.585814 105.445764 100.000000 -0.322722 51.506821 50.000000
23.900000 -0.573268 105.411604 100.000000 -0.301757 51.487939 50.000000
24.000000 -0.561090 105.377040 100.000000 -0.281315 51.468849 50.000000
24.100000 -0.549257 105.342089 100.000000 -0.261435 51.449574 50.000000
24.200000 -0.537742 105.306763 100.000000 -0.242148 51.430133 50.000000
24.300000 -0.526524 105.271076 100.000000 -0.223483 51.410548 50.000000
24.400000 -0.515578 105.235041 100.000000 -0.205463 51.390837 50.000000
24.500000 -0.504885 105.198671 100.000000 -0.188107 51.371019 50.000000
24.600000 -0.494423 105.161977 100.000000 -0.171430 51.351112 50.000000
24.700000 -0.484174 105.124973 100.000000 -0.155441 51.331133 50.000000
24.800000 -0.474119 105.087669 100.000000 -0.140146 51.311098 50.000000
24.900000 -0.464241 105.050078 100.000000 -0.125548 51.291024 50.000000
25.000000 -0.454524 105.012210 100.000000 -0.111647 51.270924 50.000000
25.100000 -0.444954 104.974078 100.000000 -0.098436 51.250813 50.000000
25.200000 -0.435515 104.935691 100.000000 -0.085910 51.230705 50.000000
25.300000 -0.426196 104.897060 100.000000 -0.074056 51.210611 50.000000
25.400000 -0.416984 104.858197 100.000000 -0.062863 51.190543 50.000000
25.500000 -0.407869 104.819110 100.000000 -0.052315 51.170513 50.000000
25.600000 -0.398840 104.779812 100.000000 -0.042393 51.150531 50.000000
25.700000 -0.389889 104.740311 100.000000 -0.033080 51.130606 50.000000
25.800000 -0.381007 104.700617 100.000000 -0.024353 51.110748 50.000000
25.900000 -0.372187 104.660741 100.000000 -0.016189 51.090964 50.000000
26.000000 -0.363423 104.620693 100.000000 -0.008566 51.071264 50.000000
26.100000 -0.354708 104.580481 100.000000 -0.001458 51.051653 50.000000
26.200000 -0.346039 104.540115 100.000000 0.005159 51.032139 50.000000
26.300000 -0.337410 104.499605 100.000000 0.011313 51.012728 50.000000
26.400000 -0.328819 104.458960 100.000000 0.017029 50.993425 50.000000
26.500000 -0.320263 104.418190 100.000000 0.022335 50.974236 50.000000
26.600000 -0.311738 104.377304 100.000000 0.027256 50.955165 50.000000
26.700000 -0.303245 104.336310 100.000000 0.031820 50.936216 50.000000
26.800000 -0.294780 104.295217 100.000000 0.036051 50.917394 50.000000
26.900000 -0.286345 104.254036 100.000000 0.039977 50.898702 50.000000
27.000000 -0.277939 104.212774 100.000000 0.043623 50.880144 50.000000
27.100000 -0.269562 104.171440 100.000000 0.047011 50.861722 50.000000
27.200000 -0.261214 104.130043 100.000000 0.050168 50.843439 50.000000
27.300000 -0.252897 104.088593 100.000000 0.053114 50.825298 50.000000
27.400000 -0.244612 104.047096 100.000000 0.055872 50.807301 50.000000
27.500000 -0.236361 104.005563 100.000000 0.058463 50.789449 50.000000
27.600000 -0.228146 103.964001 100.000000 0.060907 50.771745 50.000000
27.700000 -0.219968 103.922418 100.000000 0.063222 50.754191 50.000000
27.800000 -0.211831 103.880823 100.000000 0.065426 50.736788 50.000000
27.900000 -0.203736 103.839225 100.000000 0.067534 50.719537 50.000000
28.000000 -0.195686 103.797631 100.000000 0.069562 50.702440 50.000000
28.100000 -0.187684 103.756049 100.000000 0.071523 50.685497 50.000000
28.200000 -0.179733 103.714487 100.000000 0.073431 50.668712 50.000000
28.300000 -0.171836 103.672953 100.000000 0.075296 50.652083 50.000000
28.400000 -0.163996 103.631455 100.000000 0.077129 50.635613 50.000000
28.500000 -0.156215 103.590001 100.000000 0.078939 50.619302 50.000000
28.600000 -0.148497 103.548598 100.000000 0.080733 50.603152 50.000000
28.700000 -0.140845 103.507253 100.000000 0.082518 50.587164 50.000000
28.800000 -0.133262 103.465974 100.000000 0.084300 50.571337 50.000000
28.900000 -0.125750 103.424769 100.000000 0.086084 50.555675 50.000000
29.000000 -0.118313 103.383643 100.000000 0.087873 50.540176 50.000000
29.100000 -0.110954 103.342605 100.000000 0.089669 50.524843 50.000000
29.200000 -0.103675 103.301661 100.000000 0.091475 50.509677 50.000000
29.300000 -0.096478 103.260818 100.000000 0.093292 50.494677 50.000000
29.400000 -0.089367 103.220083 100.000000 0.095119 50.479846 50.000000
29.500000 -0.082344 103.179462 100.000000 0.096957 50.465185 50.000000
29.600000 -0.075412 103.138962 100.000000 0.098804 50.450693 50.000000
29.700000 -0.068571 103.098589 100.000000 0.100658 50.436373 50.000000
29.800000 -0.061826 103.058350 100.000000 0.102517 50.422225 50.000000
29.900000 -0.055177 103.018249 100.000000 0.104379 50.408250 50.000000
30.000000 -0.048627 102.978294 100.000000 0.106239 50.394450 50.000000
30.100000 -0.042176 102.938490 100.000000 0.108096 50.380825 50.000000
30.200000 -0.035828 102.898843 100.000000 0.109944 50.367376 50.000000
30.300000 -0.029583 102.859359 100.000000 0.111781 50.354104 50.000000
30.400000 -0.023442 102.820042 100.000000 0.113600 50.341010 50.000000
30.500000 -0.017407 102.780899 100.000000 0.115399 50.328095 50.000000
30.600000 -0.011479 102.741933 100.000000 0.117173 50.315361 50.000000
30.700000 -0.005659 102.703151 100.000000 0.118916 50.302807 50.000000
30.800000 0.000053 102.664558 100.000000 0.120625 50.290435 50.000000
30.900000 0.005656 102.626157 100.000000 0.122295 50.278245 50.000000
31.000000 0.011149 102.587954 100.000000 0.123922 50.266239 50.000000
31.100000 0.016533 102.549953 100.000000 0.125501 50.254416 50.000000
31.200000 0.021806 102.512159 100.000000 0.127027 50.242779 50.000000
31.300000 0.026969 102.474575 100.000000 0.128498 50.231326 50.000000
31.400000 0.032022 102.437207 100.000000 0.129909 50.220059 50.000000
31.500000 0.036964 102.400057 100.000000 0.131256 50.208979 50.000000
31.600000 0.041797 102.363130 100.000000 0.132537 50.198085 50.000000
31.700000 0.046520 102.326429 100.000000 0.133747 50.187378 50.000000
31.800000 0.051133 102.289959 100.000000 0.134884 50.176858 50.000000
31.900000 0.055638 102.253722 100.000000 0.135945 50.166526 50.000000
32.000000 0.060034 102.217721 100.000000 0.136929 50.156381 50.000000
32.100000 0.064323 102.181961 100.000000 0.137832 50.146425 50.000000
32.200000 0.068505 102.146444 100.000000 0.138654 50.136655 50.000000
32.300000 0.072581 102.111173 100.000000 0.139392 50.127073 50.000000
32.400000 0.076553 102.076151 100.000000 0.140046 50.117679 50.000000
32.500000 0.080420 102.041380 100.000000 0.140614 50.108471 50.000000
32.600000 0.084184 102.006864 100.000000 0.141097 50.099451 50.000000
32.700000 0.087846 101.972605 100.000000 0.141493 50.090616 50.000000
32.800000 0.091407 101.938604 100.000000 0.141804 50.081967 50.000000
32.900000 0.094869 101.904865 100.000000 0.142028 50.073503 50.000000
33.000000 0.098233 101.871390 100.000000 0.142167 50.065224 50.000000
33.100000 0.101499 101.838181 100.000000 0.142221 50.057128 50.000000
33.200000 0.104669 101.805238 100.000000 0.142192 50.049214 50.000000
33.300000 0.107745 101.772566 100.000000 0.142080 50.041483 50.000000
33.400000 0.110728 101.740164 100.000000 0.141888 50.033932 50.000000
33.500000 0.113619 101.708035 100.000000 0.141615 50.026561 50.000000
33.600000 0.116420 101.676180 100.000000 0.141266 50.019368 50.000000
33.700000 0.119132 101.644601 100.000000 0.140840 50.012353 50.000000
33.800000 0.121756 101.613300 100.000000 0.140341 50.005513 50.000000
33.900000 0.124294 101.582276 100.000000 0.139771 49.998848 50.000000
34.000000 0.126748 101.551532 100.000000 0.139132 49.992356 50.000000
34.100000 0.129119 101.521068 100.000000 0.138426 49.986036 50.000000
34.200000 0.131407 101.490885 100.000000 0.137656 49.979886 50.000000
34.300000 0.133616 101.460985 100.000000 0.136826 49.973904 50.000000
34.400000 0.135745 101.431369 100.000000 0.135936 49.968089 50.000000
34.500000 0.137797 101.402035 100.000000 0.134991 49.962439 50.000000
34.600000 0.139773 101.372987 100.000000 0.133993 49.956952 50.000000
34.700000 0.141675 101.344223 100.000000 0.132944 49.951626 50.000000
34.800000 0.143503 101.315745 100.000000 0.131848 49.946460 50.000000
34.900000 0.145260 101.287553 100.000000 0.130708 49.941452 50.000000
35.000000 0.146946 101.259647 100.000000 0.129525 49.936600 50.000000
35.100000 0.148563 101.232027 100.000000 0.128303 49.931901 50.000000
35.200000 0.150113 101.204695 100.000000 0.127045 49.927354 50.000000
35.300000 0.151596 101.177648 100.000000 0.125753 49.922957 50.000000
35.400000 0.153014 101.150889 100.000000 0.124429 49.918708 50.000000
35.500000 0.154369 101.124417 100.000000 0.123077 49.914604 50.000000
35.600000 0.155660 101.098231 100.000000 0.121699 49.910644 50.000000
35.700000 0.156891 101.072332 100.000000 0.120297 49.906825 50.000000
35.800000 0.158062 101.046719 100.000000 0.118874 49.903146 50.000000
35.900000 0.159173 101.021393 100.000000 0.117431 49.899604 50.000000
36.000000 0.160227 100.996352 100.000000 0.115972 49.896198 50.000000
36.100000 0.161225 100.971596 100.000000 0.114497 49.892924 50.000000
36.200000 0.162167 100.947126 100.000000 0.113010 49.889781 50.000000
36.300000 0.163056 100.922940 100.000000 0.111511 49.886767 50.000000
36.400000 0.163891 100.899038 100.000000 0.110003 49.883879 50.000000
36.500000 0.164674 100.875420 100.000000 0.108488 49.881116 50.000000
36.600000 0.165406 100.852084 100.000000 0.106966 49.878475 50.000000
36.700000 0.166088 100.829031 100.000000 0.105440 49.875954 50.000000
36.800000 0.166721 100.806258 100.000000 0.103911 49.873552 50.000000
36.900000 0.167306 100.783767 100.000000 0.102380 49.871265 50.000000
37.000000 0.167844 100.761555 100.000000 0.100848 49.869092 50.000000
37.100000 0.168336 100.739622 100.000000 0.099318 49.867031 50.000000
37.200000 0.168783 100.717967 100.000000 0.097788 49.865079 50.000000
37.300000 0.169186 100.696589 100.000000 0.096262 49.863235 50.000000
37.400000 0.169545 100.675487 100.000000 0.094738 49.861497 50.000000
37.500000 0.169862 100.654660 100.000000 0.093219 49.859862 50.000000
37.600000 0.170138 100.634107 100.000000 0.091705 49.858328 50.000000
37.700000 0.170372 100.613827 100.000000 0.090197 49.856893 50.000000
37.800000 0.170567 100.593819 100.000000 0.088695 49.855556 50.000000
37.900000 0.170723 100.574082 100.000000 0.087199 49.854315 50.000000
38.000000 0.170840 100.554614 100.000000 0.085711 49.853167 50.000000
38.100000 0.170920 100.535414 100.000000 0.084231 49.852110 50.000000
38.200000 0.170963 100.516481 100.000000 0.082759 49.851143 50.000000
38.300000 0.170970 100.497813 100.000000 0.081295 49.850263 50.000000
38.400000 0.170941 100.479410 100.000000 0.079839 49.849469 50.000000
38.500000 0.170878 100.461270 100.000000 0.078393 49.848759 50.000000
38.600000 0.170782 100.443391 100.000000 0.076955 49.848131 50.000000
38.700000 0.170651 100.425773 100.000000 0.075527 49.847583 50.000000
38.800000 0.170489 100.408413 100.000000 0.074109 49.847113 50.000000
38.900000 0.170294 100.391311 100.000000 0.072699 49.846720 50.000000
39.000000 0.170068 100.374464 100.000000 0.071300 49.846401 50.000000
39.100000 0.169812 100.357872 100.000000 0.069909 49.846155 50.000000
39.200000 0.169526 100.341533 100.000000 0.068529 49.845980 50.000000
39.300000 0.169211 100.325444 100.000000 0.067159 49.845875 50.000000
39.400000 0.168866 100.309606 100.000000 0.065798 49.845838 50.000000
39.500000 0.168494 100.294015 100.000000 0.064447 49.845866 50.000000
39.600000 0.168095 100.278671 100.000000 0.063106 49.845959 50.000000
39.700000 0.167668 100.263572 100.000000 0.061775 49.846114 50.000000
39.800000 0.167215 100.248716 100.000000 0.060454 49.846330 50.000000
39.900000 0.166737 100.234101 100.000000 0.059142 49.846606 50.000000
40.000000 0.166233 100.219726 100.000000 0.057841 49.846940 50.000000
40.100000 0.165705 100.205590 100.000000 0.056550 49.847329 50.000000
40.200000 0.165153 100.191689 100.000000 0.055268 49.847774 50.000000
40.300000 0.164578 100.178024 100.000000 0.053997 49.848271 50.000000
40.400000 0.163979 100.164591 100.000000 0.052735 49.848820 50.000000
40.500000 0.163358 100.151389 100.000000 0.051484 49.849419 50.000000
40.600000 0.162716 100.138417 100.000000 0.050243 49.850066 50.000000
40.700000 0.162052 100.125672 100.000000 0.049012 49.850760 50.000000
40.800000 0.161367 100.113154 100.000000 0.047792 49.851500 50.000000
40.900000 0.160663 100.100859 100.000000 0.046582 49.852284 50.000000
41.000000 0.159938 100.088786 100.000000 0.045382 49.853111 50.000000
41.100000 0.159194 100.076933 100.000000 0.044193 49.853978 50.000000
41.200000 0.158432 100.065299 100.000000 0.043015 49.854886 50.000000
41.300000 0.157651 100.053882 100.000000 0.041847 49.855832 50.000000
41.400000 0.156852 100.042679 100.000000 0.040690 49.856816 50.000000
41.500000 0.156037 100.031689 100.000000 0.039545 49.857835 50.000000
41.600000 0.155204 100.020911 100.000000 0.038410 49.858888 50.000000
41.700000 0.154355 100.010341 100.000000 0.037287 49.859975 50.000000
41.800000 0.153491 99.999978 100.000000 0.036175 49.861093 50.000000
41.900000 0.152611 99.989821 100.000000 0.035074 49.862242 50.000000
42.000000 0.151716 99.979867 100.000000 0.033986 49.863421 50.000000
42.100000 0.150807 99.970115 100.000000 0.032909 49.864627 50.000000
42.200000 0.149884 99.960562 100.000000 0.031844 49.865861 50.000000
42.300000 0.148947 99.951207 100.000000 0.030792 49.867120 50.000000
42.400000 0.147998 99.942047 100.000000 0.029751 49.868403 50.000000
42.500000 0.147035 99.933082 100.000000 0.028723 49.869710 50.000000
42.600000 0.146061 99.924308 100.000000 0.027708 49.871039 50.000000
42.700000 0.145075 99.915724 100.000000 0.026706 49.872390 50.000000
42.800000 0.144077 99.907328 100.000000 0.025716 49.873760 50.000000
42.900000 0.143069 99.899119 100.000000 0.024739 49.875149 50.000000
43.000000 0.142050 99.891093 100.000000 0.023776 49.876556 50.000000
43.100000 0.141021 99.883250 100.000000 0.022826 49.877979 50.000000
43.200000 0.139982 99.875586 100.000000 0.021889 49.879418 50.000000
43.300000 0.138934 99.868101 100.000000 0.020966 49.880872 50.000000
43.400000 0.137877 99.860793 100.000000 0.020057 49.882340 50.000000
43.500000 0.136812 99.853659 100.000000 0.019162 49.883820 50.000000
43.600000 0.135738 99.846697 100.000000 0.018280 49.885312 50.000000
43.700000 0.134657 99.839906 100.000000 0.017412 49.886815 50.000000
43.800000 0.133569 99.833283 100.000000 0.016559 49.888328 50.000000
43.900000 0.132474 99.826827 100.000000 0.015719 49.889850 50.000000
44.000000 0.131372 99.820536 100.000000 0.014894 49.891380 50.000000
44.100000 0.130264 99.814408 100.000000 0.014083 49.892917 50.000000
44.200000 0.129150 99.808441 100.000000 0.013287 49.894460 50.000000
44.300000 0.128030 99.802632 100.000000 0.012505 49.896010 50.000000
44.400000 0.126905 99.796981 100.000000 0.011737 49.897563 50.000000
44.500000 0.125776 99.791485 100.000000 0.010984 49.899121 50.000000
44.600000 0.124642 99.786142 100.000000 0.010245 49.900682 50.000000
44.700000 0.123504 99.780951 100.000000 0.009521 49.902246 50.000000
44.800000 0.122362 99.775908 100.000000 0.008811 49.903811 50.000000
44.900000 0.121216 99.771014 100.000000 0.008115 49.905377 50.000000
45.000000 0.120068 99.766265 100.000000 0.007434 49.906944 50.000000
45.100000 0.118916 99.761660 100.000000 0.006768 49.908510 50.000000
45.200000 0.117762 99.757197 100.000000 0.006115 49.910075 50.000000
45.300000 0.116606 99.752874 100.000000 0.005477 49.911638 50.000000
45.400000 0.115447 99.748689 100.000000 0.004853 49.913199 50.000000
45.500000 0.114287 99.744641 100.000000 0.004244 49.914757 50.000000
45.600000 0.113126 99.740727 100.000000 0.003648 49.916311 50.000000
45.700000 0.111963 99.736946 100.000000 0.003066 49.917862 50.000000
45.800000 0.110800 99.733296 100.000000 0.002499 49.919407 50.000000
45.900000 0.109636 99.729774 100.000000 0.001945 49.920948 50.000000
46.000000 0.108472 99.726380 100.000000 0.001405 49.922482 50.000000
46.100000 0.107307 99.723112 100.000000 0.000878 49.924011 50.000000
46.200000 0.106143 99.719967 100.000000 0.000365 49.925532 50.000000
46.300000 0.104979 99.716944 100.000000 -0.000135 49.927047 50.000000
46.400000 0.103816 99.714041 100.000000 -0.000621 49.928554 50.000000
46.500000 0.102654 99.711256 100.000000 -0.001095 49.930052 50.000000
46.600000 0.101493 99.708588 100.000000 -0.001555 49.931542 50.000000
46.700000 0.100334 99.706035 100.000000 -0.002003 49.933023 50.000000
46.800000 0.099176 99.703595 100.000000 -0.002438 49.934494 50.000000
46.900000 0.098020 99.701266 100.000000 -0.002860 49.935956 50.000000
47.000000 0.096866 99.699047 100.000000 -0.003270 49.937408 50.000000
47.100000 0.095714 99.696936 100.000000 -0.003668 49.938849 50.000000
47.200000 0.094564 99.694931 100.000000 -0.004054 49.940279 50.000000
47.300000 0.093418 99.693031 100.000000 -0.004428 49.941698 50.000000
47.400000 0.092274 99.691234 100.000000 -0.004790 49.943105 50.000000
47.500000 0.091133 99.689538 100.000000 -0.005140 49.944501 50.000000
47.600000 0.089995 99.687941 100.000000 -0.005480 49.945884 50.000000
47.700000 0.088861 99.686443 100.000000 -0.005807 49.947255 50.000000
47.800000 0.087731 99.685041 100.000000 -0.006124 49.948614 50.000000
47.900000 0.086604 99.683733 100.000000 -0.006430 49.949959 50.000000
48.000000 0.085481 99.682519 100.000000 -0.006725 49.951292 50.000000
48.100000 0.084362 99.681396 100.000000 -0.007010 49.952611 50.000000
48.200000 0.083247 99.680364 100.000000 -0.007284 49.953916 50.000000
48.300000 0.082137 99.679419 100.000000 -0.007548 49.955208 50.000000
48.400000 0.081032 99.678562 100.000000 -0.007802 49.956485 50.000000
48.500000 0.079931 99.677790 100.000000 -0.008046 49.957749 50.000000
48.600000 0.078834 99.677102 100.000000 -0.008280 49.958997 50.000000
48.700000 0.077743 99.676496 100.000000 -0.008505 49.960232 50.000000
48.800000 0.076657 99.675970 100.000000 -0.008720 49.961452 50.000000
48.900000 0.075577 99.675524 100.000000 -0.008926 49.962657 50.000000
49.000000 0.074501 99.675156 100.000000 -0.009123 49.963847 50.000000
49.100000 0.073431 99.674864 100.000000 -0.009311 49.965022 50.000000
49.200000 0.072367 99.674647 100.000000 -0.009490 49.966181 50.000000
49.300000 0.071308 99.674504 100.000000 -0.009661 49.967326 50.000000
49.400000 0.070256 99.674432 100.000000 -0.009823 49.968455 50.000000
49.500000 0.069209 99.674431 100.000000 -0.009977 49.969569 50.000000
49.600000 0.068168 99.674500 100.000000 -0.010122 49.970667 50.000000
49.700000 0.067134 99.674636 100.000000 -0.010260 49.971749 50.000000
49.800000 0.066105 99.674839 100.000000 -0.010390 49.972816 50.000000
49.900000 0.065084 99.675106 100.000000 -0.010512 49.973867 50.000000
50.000000 0.064068 99.675438 100.000000 -0.010627 49.974902 50.000000
50.100000 0.063059 99.675832 100.000000 -0.010735 49.975922 50.000000
50.200000 0.062057 99.676287 100.000000 -0.010835 49.976925 50.000000
50.300000 0.061061 99.676801 100.000000 -0.010928 49.977913 50.000000
50.400000 0.060072 99.677375 100.000000 -0.011014 49.978885 50.000000
50.500000 0.059090 99.678005 100.000000 -0.011093 49.979841 50.000000
50.600000 0.058115 99.678691 100.000000 -0.011166 49.980781 50.000000
50.700000 0.057147 99.679433 100.000000 -0.011232 49.981706 50.000000
50.800000 0.056186 99.680227 100.000000 -0.011292 49.982614 50.000000
50.900000 0.055232 99.681074 100.000000 -0.011345 49.983507 50.000000
51.000000 0.054285 99.681971 100.000000 -0.011393 49.984384 50.000000
51.100000 0.053346 99.682919 100.000000 -0.011434 49.985245 50.000000
51.200000 0.052413 99.683915 100.000000 -0.011470 49.986090 50.000000
51.300000 0.051488 99.684959 100.000000 -0.011500 49.986920 50.000000
51.400000 0.050571 99.686048 100.000000 -0.011524 49.987734 50.000000
51.500000 0.049661 99.687183 100.000000 -0.011543 49.988532 50.000000
51.600000 0.048758 99.688362 100.000000 -0.011557 49.989315 50.000000
51.700000 0.047863 99.689584 100.000000 -0.011565 49.990082 50.000000
51.800000 0.046976 99.690848 100.000000 -0.011568 49.990834 50.000000
51.900000 0.046096 99.692152 100.000000 -0.011566 49.991571 50.000000
52.000000 0.045224 99.693496 100.000000 -0.011560 49.992292 50.000000
52.100000 0.044360 99.694878 100.000000 -0.011549 49.992999 50.000000
52.200000 0.043503 99.696298 100.000000 -0.011533 49.993690 50.000000
52.300000 0.042654 99.697754 100.000000 -0.011513 49.994366 50.000000
52.400000 0.041813 99.699245 100.000000 -0.011488 49.995027 50.000000
52.500000 0.040979 99.700771 100.000000 -0.011459 49.995674 50.000000
52.600000 0.040154 99.702330 100.000000 -0.011426 49.996305 50.000000
52.700000 0.039336 99.703922 100.000000 -0.011389 49.996923 50.000000
52.800000 0.038526 99.705545 100.000000 -0.011348 49.997525 50.000000
52.900000 0.037724 99.707198 100.000000 -0.011304 49.998114 50.000000
53.000000 0.036930 99.708881 100.000000 -0.011255 49.998688 50.000000
53.100000 0.036143 99.710592 100.000000 -0.011204 49.999248 50.000000
53.200000 0.035365 99.712331 100.000000 -0.011148 49.999794 50.000000
53.300000 0.034594 99.714097 100.000000 -0.011090 50.000326 50.000000
53.400000 0.033832 99.715888 100.000000 -0.011028 50.000844 50.000000
53.500000 0.033077 99.717705 100.000000 -0.010963 50.001349 50.000000
53.600000 0.032331 99.719545 100.000000 -0.010895 50.001840 50.000000
53.700000 0.031592 99.721408 100.000000 -0.010824 50.002318 50.000000
53.800000 0.030861 99.723294 100.000000 -0.010750 50.002783 50.000000
53.900000 0.030138 99.725201 100.000000 -0.010674 50.003234 50.000000
54.000000 0.029423 99.727129 100.000000 -0.010595 50.003673 50.000000
54.100000 0.028716 99.729076 100.000000 -0.010513 50.004099 50.000000
54.200000 0.028017 99.731042 100.000000 -0.010430 50.004512 50.000000
54.300000 0.027326 99.733027 100.000000 -0.010343 50.004913 50.000000
54.400000 0.026642 99.735029 100.000000 -0.010255 50.005301 50.000000
54.500000 0.025967 99.737048 100.000000 -0.010164 50.005677 50.000000
54.600000 0.025299 99.739082 100.000000 -0.010072 50.006042 50.000000
54.700000 0.024639 99.741132 100.000000 -0.009977 50.006394 50.000000
54.800000 0.023987 99.743196 100.000000 -0.009881 50.006734 50.000000
54.900000 0.023343 99.745274 100.000000 -0.009782 50.007063 50.000000
55.000000 0.022707 99.747364 100.000000 -0.009683 50.007381 50.000000
55.100000 0.022079 99.749467 100.000000 -0.009581 50.007687 50.000000
55.200000 0.021458 99.751582 100.000000 -0.009478 50.007982 50.000000
55.300000 0.020845 99.753707 100.000000 -0.009374 50.008266 50.000000
55.400000 0.020240 99.755843 100.000000 -0.009268 50.008540 50.000000
55.500000 0.019642 99.757988 100.000000 -0.009161 50.008803 50.000000
55.600000 0.019052 99.760142 100.000000 -0.009053 50.009055 50.000000
55.700000 0.018470 99.762304 100.000000 -0.008944 50.009297 50.000000
55.800000 0.017895 99.764474 100.000000 -0.008833 50.009529 50.000000
55.900000 0.017328 99.766651 100.000000 -0.008722 50.009750 50.000000
56.000000 0.016768 99.768835 100.000000 -0.008610 50.009962 50.000000
56.100000 0.016216 99.771024 100.000000 -0.008497 50.010165 50.000000
56.200000 0.015672 99.773219 100.000000 -0.008383 50.010357 50.000000
56.300000 0.015135 99.775418 100.000000 -0.008269 50.010541 50.000000
56.400000 0.014605 99.777622 100.000000 -0.008154 50.010715 50.000000
56.500000 0.014083 99.779829 100.000000 -0.008038 50.010880 50.000000
56.600000 0.013568 99.782039 100.000000 -0.007922 50.011037 50.000000
56.700000 0.013061 99.784251 100.000000 -0.007806 50.011185 50.000000
56.800000 0.012560 99.786466 100.000000 -0.007689 50.011324 50.000000
56.900000 0.012067 99.788682 100.000000 -0.007572 50.011454 50.000000
57.000000 0.011581 99.790899 100.000000 -0.007455 50.011577 50.000000
57.100000 0.011103 99.793117 100.000000 -0.007337 50.011691 50.000000
57.200000 0.010631 99.795334 100.000000 -0.007220 50.011798 50.000000
57.300000 0.010167 99.797551 100.000000 -0.007102 50.011897 50.000000
57.400000 0.009709 99.799768 100.000000 -0.006984 50.011988 50.000000
57.500000 0.009259 99.801982 100.000000 -0.006867 50.012072 50.000000
57.600000 0.008816 99.804195 100.000000 -0.006749 50.012148 50.000000
57.700000 0.008379 99.806406 100.000000 -0.006632 50.012218 50.000000
57.800000 0.007949 99.808614 100.000000 -0.006514 50.012280 50.000000
57.900000 0.007527 99.810819 100.000000 -0.006397 50.012335 50.000000
58.000000 0.007111 99.813021 100.000000 -0.006281 50.012384 50.000000
58.100000 0.006701 99.815218 100.000000 -0.006164 50.012427 50.000000
58.200000 0.006299 99.817412 100.000000 -0.006048 50.012463 50.000000
58.300000 0.005903 99.819600 100.000000 -0.005932 50.012492 50.000000
58.400000 0.005513 99.821784 100.000000 -0.005817 50.012516 50.000000
58.500000 0.005130 99.823962 100.000000 -0.005702 50.012534 50.000000
58.600000 0.004754 99.826135 100.000000 -0.005588 50.012546 50.000000
58.700000 0.004384 99.828301 100.000000 -0.005475 50.012552 50.000000
58.800000 0.004021 99.830461 100.000000 -0.005361 50.012553 50.000000
58.900000 0.003664 99.832614 100.000000 -0.005249 50.012548 50.000000
59.000000 0.003313 99.834760 100.000000 -0.005137 50.012538 50.000000
59.100000 0.002968 99.836899 100.000000 -0.005026 50.012523 50.000000
59.200000 0.002630 99.839030 100.000000 -0.004916 50.012504 50.000000
59.300000 0.002297 99.841152 100.000000 -0.004806 50.012479 50.000000
59.400000 0.001971 99.843267 100.000000 -0.004697 50.012450 50.000000
59.500000 0.001651 99.845373 100.000000 -0.004589 50.012416 50.000000
59.600000 0.001337 99.847470 100.000000 -0.004481 50.012377 50.000000
59.700000 0.001029 99.849558 100.000000 -0.004375 50.012335 50.000000
59.800000 0.000727 99.851636 100.000000 -0.004269 50.012288 50.000000
59.900000 0.000430 99.853705 100.000000 -0.004165 50.012237 50.000000
60.000000 4.000430 99.855764 200.000000 3.995835 50.012182 150.000000
60.100000 8.000430 99.861813 200.000000 7.995835 50.016124 150.000000
60.200000 12.000430 99.875832 200.000000 11.995835 50.028041 150.000000
60.300000 16.000430 99.901782 200.000000 15.995835 50.051895 150.000000
60.400000 20.000430 99.943602 200.000000 19.995835 50.091625 150.000000
60.500000 24.000430 100.005214 200.000000 23.995835 50.151153 150.000000
60.600000 28.000430 100.090518 200.000000 27.995835 50.234379 150.000000
60.700000 32.000430 100.203396 200.000000 31.995835 50.345184 150.000000
60.800000 36.000430 100.347710 200.000000 35.995835 50.487431 150.000000
60.900000 40.000430 100.527302 200.000000 39.995835 50.664963 150.000000
61.000000 44.000430 100.745998 200.000000 43.995835 50.881603 150.000000
61.100000 48.000430 101.007600 200.000000 47.995835 51.141156 150.000000
61.200000 52.000430 101.315894 200.000000 51.995835 51.447406 150.000000
61.300000 56.000430 101.674648 200.000000 55.995835 51.804122 150.000000
61.400000 60.000430 102.087608 200.000000 59.995835 52.215049 150.000000
61.500000 64.000430 102.558504 200.000000 63.995835 52.683918 150.000000
61.600000 68.000430 103.091046 200.000000 67.995835 53.214438 150.000000
61.700000 72.000430 103.688925 200.000000 71.995835 53.810302 150.000000
61.800000 76.000430 104.355816 200.000000 75.995835 54.475182 150.000000
61.900000 80.000430 105.095372 200.000000 79.995835 55.212733 150.000000
62.000000 84.000430 105.911232 200.000000 83.995835 56.026593 150.000000
62.100000 88.000430 106.807012 200.000000 87.995835 56.920379 150.000000
62.200000 92.000430 107.786314 200.000000 86.763369 57.897692 150.000000
62.300000 93.392740 108.852720 200.000000 82.763369 58.956881 150.000000
62.400000 89.392740 110.007186 200.000000 78.763369 60.093539 150.000000
62.500000 85.392740 111.245273 200.000000 74.763369 61.303276 150.000000
62.600000 81.392740 112.562562 200.000000 70.763369 62.581728 150.000000
62.700000 77.392740 113.954658 200.000000 66.763369 63.924551 150.000000
62.800000 73.392740 115.417185 200.000000 62.763369 65.327423 150.000000
62.900000 69.392740 116.945793 200.000000 58.763369 66.786044 150.000000
63.000000 65.392740 118.536151 200.000000 54.763369 68.296136 150.000000
63.100000 61.392740 120.183949 200.000000 50.763369 69.853440 150.000000
63.200000 57.392740 121.884901 200.000000 46.763369 71.453722 150.000000
63.300000 53.392740 123.634742 200.000000 42.763369 73.092765 150.000000
63.400000 49.392740 125.429225 200.000000 38.763369 74.766377 150.000000
63.500000 45.392740 127.264130 200.000000 34.763369 76.470383 150.000000
63.600000 41.392740 129.135252 200.000000 30.763369 78.200633 150.000000
63.700000 37.392740 131.038411 200.000000 26.763369 79.952996 150.000000
63.800000 33.392740 132.969448 200.000000 22.763369 81.723359 150.000000
63.900000 29.392740 134.924222 200.000000 18.763369 83.507635 150.000000
64.000000 25.392740 136.898614 200.000000 14.763369 85.301752 150.000000
64.100000 21.392740 138.888528 200.000000 10.763369 87.101662 150.000000
64.200000 17.392740 140.889885 200.000000 6.763369 88.903336 150.000000
64.300000 13.392740 142.898627 200.000000 2.763369 90.702765 150.000000
64.400000 9.392740 144.910719 200.000000 -1.236631 92.495960 150.000000
64.500000 5.392740 146.922143 200.000000 -5.236631 94.278952 150.000000
64.600000 1.392740 148.928903 200.000000 -9.236631 96.047793 150.000000
64.700000 -2.607260 150.927021 200.000000 -13.236631 97.798553 150.000000
64.800000 -6.607260 152.912542 200.000000 -17.236631 99.527323 150.000000
64.900000 -10.607260 154.881528 200.000000 -21.236631 101.230212 150.000000
65.000000 -14.607260 156.830062 200.000000 -25.236631 102.903350 150.000000
65.100000 -18.607260 158.754245 200.000000 -29.236631 104.542886 150.000000
65.200000 -22.607260 160.650201 200.000000 -33.236631 106.144988 150.000000
65.300000 -26.607260 162.514069 200.000000 -37.236631 107.705842 150.000000
65.400000 -30.607260 164.342011 200.000000 -41.236631 109.221655 150.000000
65.500000 -34.607260 166.130206 200.000000 -45.236631 110.688653 150.000000
65.600000 -38.607260 167.874853 200.000000 -49.236631 112.103079 150.000000
65.700000 -42.607260 169.572169 200.000000 -53.236631 113.461197 150.000000
65.800000 -46.607260 171.218392 200.000000 -57.236631 114.759287 150.000000
65.900000 -50.607260 172.809776 200.000000 -61.236631 115.993650 150.000000
66.000000 -54.607260 174.342595 200.000000 -63.686943 117.160604 150.000000
66.100000 -55.725106 175.813144 200.000000 -62.832811 118.258037 150.000000
66.200000 -55.800785 177.220615 200.000000 -61.623094 119.287150 150.000000
66.300000 -55.645562 178.565247 200.000000 -60.089497 120.249494 150.000000
66.400000 -55.276674 179.847511 200.000000 -58.263750 121.146937 150.000000
66.500000 -54.711034 181.068087 200.000000 -56.177411 121.981629 150.000000
66.600000 -53.965183 182.227848 200.000000 -53.861668 122.755971 150.000000
66.700000 -53.055244 183.327846 200.000000 -51.347166 123.472579 150.000000
66.800000 -51.996884 184.369289 200.000000 -48.663849 124.134256 150.000000
66.900000 -50.805281 185.353527 200.000000 -45.840804 124.743961 150.000000
67.000000 -49.495092 186.282039 200.000000 -42.906141 125.304778 150.000000
67.100000 -48.080429 187.156414 200.000000 -39.886865 125.819883 150.000000
67.200000 -46.574837 187.978336 200.000000 -36.808779 126.292527 150.000000
67.300000 -44.991277 188.749574 200.000000 -33.696395 126.725998 150.000000
67.400000 -43.342113 189.471964 200.000000 -30.572859 127.123606 150.000000
67.500000 -41.639100 190.147400 200.000000 -27.459887 127.488653 150.000000
67.600000 -39.893379 190.777820 200.000000 -24.377721 127.824414 150.000000
67.700000 -38.115476 191.365194 200.000000 -21.345093 128.134120 150.000000
67.800000 -36.315294 191.911516 200.000000 -18.379197 128.420931 150.000000
67.900000 -34.502122 192.418791 200.000000 -15.495681 128.687929 150.000000
68.000000 -32.684637 192.889028 200.000000 -12.708647 128.938097 150.000000
68.100000 -30.870908 193.324229 200.000000 -10.030651 129.174305 150.000000
68.200000 -29.068411 193.726382 200.000000 -7.472730 129.399301 150.000000
68.300000 -27.284033 194.097457 200.000000 -5.044425 129.615700 150.000000
68.400000 -25.524090 194.439392 200.000000 -2.753811 129.825972 150.000000
68.500000 -23.794338 194.754094 200.000000 -0.607547 130.032439 150.000000
68.600000 -22.099989 195.043428 200.000000 1.389084 130.237267 150.000000
68.700000 -20.445730 195.309215 200.000000 3.232118 130.442459 150.000000
68.800000 -18.835736 195.553227 200.000000 4.918849 130.649857 150.000000
68.900000 -17.273692 195.777184 200.000000 6.447770 130.861137 150.000000
69.000000 -15.762815 195.982747 200.000000 7.818506 131.077809 150.000000
69.100000 -14.305865 196.171519 200.000000 9.031739 131.301216 150.000000
69.200000 -12.905178 196.345042 200.000000 10.089144 131.532537 150.000000
69.300000 -11.562675 196.504792 200.000000 10.993308 131.772791 150.000000
69.400000 -10.279890 196.652180 200.000000 11.747658 132.022837 150.000000
69.500000 -9.057992 196.788552 200.000000 12.356388 132.283380 150.000000
69.600000 -7.897802 196.915184 200.000000 12.824377 132.554978 150.000000
69.700000 -6.799816 197.033285 200.000000 13.157119 132.838041 150.000000
69.800000 -5.764227 197.143995 200.000000 13.360647 133.132846 150.000000
69.900000 -4.790946 197.248388 200.000000 13.441458 133.439538 150.000000
70.000000 -3.879623 197.347468 200.000000 13.406444 133.758138 150.000000
70.100000 -3.029664 197.442173 200.000000 13.262822 134.088551 150.000000
70.200000 -2.240256 197.533374 200.000000 13.018065 134.430576 150.000000
70.300000 -1.510382 197.621880 200.000000 12.679839 134.783908 150.000000
70.400000 -0.838841 197.708432 200.000000 12.255941 135.148153 150.000000
70.500000 -0.224270 197.793713 200.000000 11.754242 135.522833 150.000000
70.600000 0.334845 197.878343 200.000000 11.182627 135.907394 150.000000
70.700000 0.840147 197.962885 200.000000 10.548948 136.301214 150.000000
70.800000 1.293391 198.047845 200.000000 9.860975 136.703615 150.000000
70.900000 1.696433 198.133673 200.000000 9.126346 137.113864 150.000000
71.000000 2.051211 198.220768 200.000000 8.352534 137.531189 150.000000
71.100000 2.359732 198.309479 200.000000 7.546803 137.954779 150.000000
71.200000 2.624058 198.400106 200.000000 6.716176 138.383798 150.000000
71.300000 2.846294 198.492904 200.000000 5.867406 138.817389 150.000000
71.400000 3.028576 198.588084 200.000000 5.006951 139.254678 150.000000
71.500000 3.173058 198.685817 200.000000 4.140946 139.694789 150.000000
71.600000 3.281903 198.786235 200.000000 3.275188 140.136839 150.000000
71.700000 3.357272 198.889432 200.000000 2.415121 140.579955 150.000000
71.800000 3.401317 198.995470 200.000000 1.565819 141.023270 150.000000
71.900000 3.416170 199.104380 200.000000 0.731978 141.465935 150.000000
72.000000 3.403935 199.216161 200.000000 -0.082087 141.907118 150.000000
72.100000 3.366683 199.330788 200.000000 -0.872449 142.346013 150.000000
72.200000 3.306445 199.448207 200.000000 -1.635571 142.781841 150.000000
72.300000 3.225205 199.568347 200.000000 -2.368300 143.213854 150.000000
72.400000 3.124896 199.691110 200.000000 -3.067868 143.641340 150.000000
72.500000 3.007396 199.816385 200.000000 -3.731880 144.063619 150.000000
72.600000 2.874519 199.944041 200.000000 -4.358313 144.480056 150.000000
72.700000 2.728021 200.073933 200.000000 -4.945498 144.890052 150.000000
72.800000 2.569586 200.205904 200.000000 -5.492114 145.293052 150.000000
72.900000 2.400833 200.339784 200.000000 -5.997173 145.688546 150.000000
73.000000 2.223307 200.475396 200.000000 -6.460006 146.076065 150.000000
73.100000 2.038482 200.612553 200.000000 -6.880245 146.455186 150.000000
73.200000 1.847759 200.751062 200.000000 -7.257810 146.825531 150.000000
73.300000 1.652462 200.890727 200.000000 -7.592888 147.186767 150.000000
73.400000 1.453841 201.031346 200.000000 -7.885919 147.538604 150.000000
73.500000 1.253074 201.172716 200.000000 -8.137575 147.880795 150.000000
73.600000 1.051259 201.314632 200.000000 -8.348740 148.213138 150.000000
73.700000 0.849426 201.456890 200.000000 -8.520493 148.535471 150.000000
73.800000 0.648527 201.599286 200.000000 -8.654092 148.847671 150.000000
73.900000 0.449444 201.741618 200.000000 -8.750946 149.149657 150.000000
74.000000 0.252990 201.883688 200.000000 -8.812608 149.441381 150.000000
74.100000 0.059906 202.025301 200.000000 -8.840747 149.722835 150.000000
74.200000 -0.129133 202.166266 200.000000 -8.837133 149.994040 150.000000
74.300000 -0.313517 202.306397 200.000000 -8.803624 150.255052 150.000000
74.400000 -0.492699 202.445513 200.000000 -8.742140 150.505955 150.000000
74.500000 -0.666196 202.583441 200.000000 -8.654656 150.746862 150.000000
74.600000 -0.833579 202.720014 200.000000 -8.543180 150.977910 150.000000
74.700000 -0.994481 202.855070 200.000000 -8.409741 151.199259 150.000000
74.800000 -1.148585 202.988456 200.000000 -8.256374 151.411092 150.000000
74.900000 -1.295627 203.120027 200.000000 -8.085106 151.613609 150.000000
75.000000 -1.435392 203.249644 200.000000 -7.897948 151.807028 150.000000
75.100000 -1.567712 203.377178 200.000000 -7.696875 151.991583 150.000000
75.200000 -1.692462 203.502506 200.000000 -7.483827 152.167517 150.000000
75.300000 -1.809558 203.625515 200.000000 -7.260688 152.335089 150.000000
75.400000 -1.918957 203.746100 200.000000 -7.029286 152.494561 150.000000
75.500000 -2.020649 203.864163 200.000000 -6.791380 152.646207 150.000000
75.600000 -2.114660 203.979614 200.000000 -6.548656 152.790304 150.000000
75.700000 -2.201046 204.092374 200.000000 -6.302721 152.927131 150.000000
75.800000 -2.279891 204.202369 200.000000 -6.055095 153.056972 150.000000
75.900000 -2.351308 204.309535 200.000000 -5.807210 153.180108 150.000000
76.000000 -2.415431 204.413813 200.000000 -5.560407 153.296821 150.000000
76.100000 -2.472417 204.515154 200.000000 -5.315930 153.407390 150.000000
76.200000 -2.522442 204.613516 200.000000 -5.074928 153.512091 150.000000
76.300000 -2.565700 204.708864 200.000000 -4.838452 153.611193 150.000000
76.400000 -2.602400 204.801169 200.000000 -4.607455 153.704961 150.000000
76.500000 -2.632763 204.890411 200.000000 -4.382791 153.793653 150.000000
76.600000 -2.657024 204.976573 200.000000 -4.165219 153.877518 150.000000
76.700000 -2.675425 205.059648 200.000000 -3.955402 153.956799 150.000000
76.800000 -2.688218 205.139632 200.000000 -3.753910 154.031729 150.000000
76.900000 -2.695660 205.216527 200.000000 -3.561221 154.102529 150.000000
77.000000 -2.698013 205.290343 200.000000 -3.377726 154.169415 150.000000
77.100000 -2.695542 205.361092 200.000000 -3.203731 154.232588 150.000000
77.200000 -2.688514 205.428791 200.000000 -3.039460 154.292242 150.000000
77.300000 -2.677199 205.493463 200.000000 -2.885061 154.348558 150.000000
77.400000 -2.661862 205.555135 200.000000 -2.740607 154.401707 150.000000
77.500000 -2.642770 205.613836 200.000000 -2.606103 154.451850 150.000000
77.600000 -2.620186 205.669601 200.000000 -2.481491 154.499136 150.000000
77.700000 -2.594370 205.722467 200.000000 -2.366650 154.543704 150.000000
77.800000 -2.565577 205.772475 200.000000 -2.261406 154.585683 150.000000
77.900000 -2.534057 205.819667 200.000000 -2.165534 154.625190 150.000000
78.000000 -2.500054 205.864088 200.000000 -2.078764 154.662335 150.000000
78.100000 -2.463806 205.905788 200.000000 -2.000784 154.697215 150.000000
78.200000 -2.425545 205.944815 200.000000 -1.931247 154.729919 150.000000
78.300000 -2.385492 205.981222 200.000000 -1.869773 154.760529 150.000000
78.400000 -2.343865 206.015061 200.000000 -1.815957 154.789116 150.000000
78.500000 -2.300869 206.046387 200.000000 -1.769370 154.815745 150.000000
78.600000 -2.256703 206.075256 200.000000 -1.729563 154.840470 150.000000
78.700000 -2.211558 206.101723 200.000000 -1.696077 154.863343 150.000000
78.800000 -2.165614 206.125847 200.000000 -1.668440 154.884405 150.000000
78.900000 -2.119043 206.147685 200.000000 -1.646174 154.903693 150.000000
79.000000 -2.072009 206.167294 200.000000 -1.628799 154.921239 150.000000
79.100000 -2.024663 206.184733 200.000000 -1.615833 154.937068 150.000000
79.200000 -1.977152 206.200060 200.000000 -1.606800 154.951202 150.000000
79.300000 -1.929609 206.213334 200.000000 -1.601230 154.963659 150.000000
79.400000 -1.882162 206.224611 200.000000 -1.598662 154.974452 150.000000
79.500000 -1.834928 206.233950 200.000000 -1.598647 154.983593 150.000000
79.600000 -1.788015 206.241407 200.000000 -1.600748 154.991089 150.000000
79.700000 -1.741523 206.247039 200.000000 -1.604547 154.996947 150.000000
79.800000 -1.695544 206.250902 200.000000 -1.609642 155.001171 150.000000
79.900000 -1.650160 206.253049 200.000000 -1.615648 155.003765 150.000000
80.000000 -1.605449 206.253536 200.000000 -1.622204 155.004729 150.000000
80.100000 -1.561476 206.252414 200.000000 -1.628968 155.004067 150.000000
80.200000 -1.518302 206.249737 200.000000 -1.635623 155.001779 150.000000
80.300000 -1.475980 206.245555 200.000000 -1.641871 154.997867 150.000000
80.400000 -1.434557 206.239918 200.000000 -1.647442 154.992333 150.000000
80.500000 -1.394072 206.232875 200.000000 -1.652087 154.985179 150.000000
80.600000 -1.354558 206.224472 200.000000 -1.655581 154.976408 150.000000
80.700000 -1.316042 206.214757 200.000000 -1.657725 154.966026 150.000000
80.800000 -1.278547 206.203775 200.000000 -1.658342 154.954038 150.000000
80.900000 -1.242089 206.191569 200.000000 -1.657279 154.940452 150.000000
81.000000 -1.206679 206.178182 200.000000 -1.654405 154.925276 150.000000
81.100000 -1.172323 206.163655 200.000000 -1.649613 154.908521 150.000000
81.200000 -1.139025 206.148028 200.000000 -1.642817 154.890201 150.000000
81.300000 -1.106782 206.131341 200.000000 -1.633951 154.870330 150.000000
81.400000 -1.075589 206.113630 200.000000 -1.622971 154.848924 150.000000
81.500000 -1.045436 206.094932 200.000000 -1.609850 154.826002 150.000000
81.600000 -1.016312 206.075283 200.000000 -1.594580 154.801585 150.000000
81.700000 -0.988201 206.054715 200.000000 -1.577170 154.775695 150.000000
81.800000 -0.961085 206.033262 200.000000 -1.557645 154.748358 150.000000
81.900000 -0.934945 206.010955 200.000000 -1.536044 154.719600 150.000000
82.000000 -0.909757 205.987824 200.000000 -1.512421 154.689449 150.000000
82.100000 -0.885499 205.963900 200.000000 -1.486841 154.657937 150.000000
82.200000 -0.862143 205.939209 200.000000 -1.459380 154.625095 150.000000
82.300000 -0.839664 205.913780 200.000000 -1.430126 154.590959 150.000000
82.400000 -0.818032 205.887639 200.000000 -1.399173 154.555563 150.000000
82.500000 -0.797219 205.860810 200.000000 -1.366626 154.518944 150.000000
82.600000 -0.777193 205.833318 200.000000 -1.332593 154.481142 150.000000
82.700000 -0.757926 205.805186 200.000000 -1.297191 154.442197 150.000000
82.800000 -0.739384 205.776437 200.000000 -1.260539 154.402149 150.000000
82.900000 -0.721538 205.747093 200.000000 -1.222759 154.361041 150.000000
83.000000 -0.704355 205.717173 200.000000 -1.183977 154.318916 150.000000
83.100000 -0.687805 205.686699 200.000000 -1.144320 154.275817 150.000000
83.200000 -0.671856 205.655689 200.000000 -1.103914 154.231789 150.000000
83.300000 -0.656476 205.624163 200.000000 -1.062888 154.186878 150.000000
83.400000 -0.641636 205.592138 200.000000 -1.021365 154.141128 150.000000
83.500000 -0.627305 205.559631 200.000000 -0.979471 154.094586 150.000000
83.600000 -0.613454 205.526659 200.000000 -0.937325 154.047297 150.000000
83.700000 -0.600055 205.493239 200.000000 -0.895048 153.999307 150.000000
83.800000 -0.587078 205.459386 200.000000 -0.852752 153.950662 150.000000
83.900000 -0.574497 205.425115 200.000000 -0.810548 153.901407 150.000000
84.000000 -0.562286 205.390441 200.000000 -0.768542 153.851588 150.000000
84.100000 -0.550419 205.355378 200.000000 -0.726834 153.801250 150.000000
84.200000 -0.538872 205.319940 200.000000 -0.685519 153.750437 150.000000
84.300000 -0.527621 205.284140 200.000000 -0.644686 153.699192 150.000000
84.400000 -0.516643 205.247992 200.000000 -0.604419 153.647558 150.000000
84.500000 -0.505919 205.211508 200.000000 -0.564796 153.595579 150.000000
84.600000 -0.495426 205.174700 200.000000 -0.525888 153.543294 150.000000
84.700000 -0.485146 205.137581 200.000000 -0.487760 153.490745 150.000000
84.800000 -0.475061 205.100162 200.000000 -0.450470 153.437971 150.000000
84.900000 -0.465153 205.062455 200.000000 -0.414071 153.385011 150.000000
85.000000 -0.455407 205.024472 200.000000 -0.378610 153.331901 150.000000
85.100000 -0.445807 204.986223 200.000000 -0.344126 153.278678 150.000000
85.200000 -0.436340 204.947720 200.000000 -0.310654 153.225377 150.000000
85.300000 -0.426993 204.908973 200.000000 -0.278221 153.172032 150.000000
85.400000 -0.417754 204.869992 200.000000 -0.246851 153.118675 150.000000
85.500000 -0.408611 204.830789 200.000000 -0.216560 153.065339 150.000000
85.600000 -0.399555 204.791373 200.000000 -0.187359 153.012052 150.000000
85.700000 -0.390577 204.751755 200.000000 -0.159256 152.958845 150.000000
85.800000 -0.381669 204.711944 200.000000 -0.132252 152.905744 150.000000
85.900000 -0.372823 204.671950 200.000000 -0.106344 152.852777 150.000000
86.000000 -0.364034 204.631784 200.000000 -0.081527 152.799968 150.000000
86.100000 -0.355294 204.591454 200.000000 -0.057787 152.747341 150.000000
86.200000 -0.346600 204.550971 200.000000 -0.035112 152.694920 150.000000
86.300000 -0.337947 204.510344 200.000000 -0.013484 152.642726 150.000000
86.400000 -0.329332 204.469582 200.000000 0.007120 152.590780 150.000000
86.500000 -0.320752 204.428694 200.000000 0.026722 152.539100 150.000000
86.600000 -0.312204 204.387690 200.000000 0.045348 152.487705 150.000000
86.700000 -0.303688 204.346579 200.000000 0.063027 152.436613 150.000000
86.800000 -0.295201 204.305370 200.000000 0.079789 152.385839 150.000000
86.900000 -0.286744 204.264071 200.000000 0.095666 152.335399 150.000000
87.000000 -0.278315 204.222692 200.000000 0.110690 152.285307 150.000000
87.100000 -0.269917 204.181242 200.000000 0.124896 152.235576 150.000000
87.200000 -0.261548 204.139729 200.000000 0.138318 152.186218 150.000000
87.300000 -0.253210 204.098163 200.000000 0.150993 152.137246 150.000000
87.400000 -0.244905 204.056550 200.000000 0.162954 152.088669 150.000000
87.500000 -0.236634 204.014901 200.000000 0.174239 152.040498 150.000000
87.600000 -0.228399 203.973224 200.000000 0.184882 151.992743 150.000000
87.700000 -0.220202 203.931527 200.000000 0.194919 151.945411 150.000000
87.800000 -0.212045 203.889817 200.000000 0.204385 151.898510 150.000000
87.900000 -0.203931 203.848105 200.000000 0.213314 151.852049 150.000000
88.000000 -0.195863 203.806397 200.000000 0.221738 151.806033 150.000000
88.100000 -0.187843 203.764702 200.000000 0.229692 151.760469 150.000000
88.200000 -0.179874 203.723027 200.000000 0.237205 151.715362 150.000000
88.300000 -0.171960 203.681381 200.000000 0.244308 151.670718 150.000000
88.400000 -0.164102 203.639771 200.000000 0.251029 151.626542 150.000000
88.500000 -0.156304 203.598205 200.000000 0.257397 151.582838 150.000000
88.600000 -0.148570 203.556690 200.000000 0.263438 151.539609 150.000000
88.700000 -0.140902 203.515235 200.000000 0.269176 151.496860 150.000000
88.800000 -0.133302 203.473846 200.000000 0.274634 151.454594 150.000000
88.900000 -0.125775 203.432530 200.000000 0.279835 151.412814 150.000000
89.000000 -0.118323 203.391296 200.000000 0.284798 151.371523 150.000000
89.100000 -0.110948 203.350149 200.000000 0.289543 151.330723 150.000000
89.200000 -0.103654 203.309097 200.000000 0.294086 151.290416 150.000000
89.300000 -0.096443 203.268147 200.000000 0.298443 151.250605 150.000000
89.400000 -0.089318 203.227305 200.000000 0.302629 151.211292 150.000000
89.500000 -0.082281 203.186577 200.000000 0.306656 151.172478 150.000000
89.600000 -0.075335 203.145972 200.000000 0.310535 151.134164 150.000000
89.700000 -0.068481 203.105493 200.000000 0.314278 151.096353 150.000000
89.800000 -0.061722 203.065149 200.000000 0.317891 151.059045 150.000000
89.900000 -0.055061 203.024945 200.000000 0.321384 151.022241 150.000000
90.000000 -0.048498 202.984887 200.000000 0.324762 150.985943 150.000000
90.100000 -0.042035 202.944980 200.000000 0.328031 150.950151 150.000000
90.200000 -0.035675 202.905231 200.000000 0.331193 150.914866 150.000000
90.300000 -0.029418 202.865645 200.000000 0.334254 150.880089 150.000000
90.400000 -0.023266 202.826228 200.000000 0.337214 150.845820 150.000000
90.500000 -0.017220 202.786984 200.000000 0.340076 150.812059 150.000000
90.600000 -0.011281 202.747920 200.000000 0.342840 150.778807 150.000000
90.700000 -0.005450 202.709039 200.000000 0.345505 150.746065 150.000000
90.800000 0.000272 202.670348 200.000000 0.348072 150.713831 150.000000
90.900000 0.005886 202.631850 200.000000 0.350538 150.682107 150.000000
91.000000 0.011389 202.593550 200.000000 0.352902 150.650892 150.000000
91.100000 0.016782 202.555454 200.000000 0.355162 150.620186 150.000000
91.200000 0.022065 202.517565 200.000000 0.357316 150.589989 150.000000
91.300000 0.027237 202.479887 200.000000 0.359360 150.560300 150.000000
91.400000 0.032299 202.442425 200.000000 0.361291 150.531118 150.000000
91.500000 0.037250 202.405182 200.000000 0.363107 150.502444 150.000000
91.600000 0.042091 202.368163 200.000000 0.364805 150.474277 150.000000
91.700000 0.046822 202.331371 200.000000 0.366380 150.446615 150.000000
91.800000 0.051443 202.294810 200.000000 0.367829 150.419458 150.000000
91.900000 0.055956 202.258483 200.000000 0.369150 150.392804 150.000000
92.000000 0.060360 202.222394 200.000000 0.370339 150.366653 150.000000
92.100000 0.064656 202.186545 200.000000 0.371393 150.341003 150.000000
92.200000 0.068845 202.150941 200.000000 0.372310 150.315852 150.000000
92.300000 0.072928 202.115583 200.000000 0.373086 150.291200 150.000000
92.400000 0.076906 202.080475 200.000000 0.373719 150.267044 150.000000
92.500000 0.080780 202.045619 200.000000 0.374207 150.243382 150.000000
92.600000 0.084550 202.011019 200.000000 0.374548 150.220213 150.000000
92.700000 0.088219 201.976676 200.000000 0.374741 150.197534 150.000000
92.800000 0.091786 201.942593 200.000000 0.374784 150.175344 150.000000
92.900000 0.095254 201.908772 200.000000 0.374676 150.153639 150.000000
93.000000 0.098622 201.875216 200.000000 0.374416 150.132417 150.000000
93.100000 0.101894 201.841925 200.000000 0.374005 150.111676 150.000000
93.200000 0.105070 201.808904 200.000000 0.373442 150.091413 150.000000
93.300000 0.108151 201.776152 200.000000 0.372728 150.071624 150.000000
93.400000 0.111138 201.743673 200.000000 0.371863 150.052307 150.000000
93.500000 0.114034 201.711467 200.000000 0.370848 150.033459 150.000000
93.600000 0.116839 201.679536 200.000000 0.369685 150.015076 150.000000
93.700000 0.119555 201.647881 200.000000 0.368376 149.997154 150.000000
93.800000 0.122183 201.616504 200.000000 0.366922 149.979690 150.000000
93.900000 0.124725 201.585407 200.000000 0.365326 149.962680 150.000000
94.000000 0.127183 201.554589 200.000000 0.363590 149.946121 150.000000
94.100000 0.129557 201.524053 200.000000 0.361717 149.930008 150.000000
94.200000 0.131849 201.493799 200.000000 0.359710 149.914338 150.000000
94.300000 0.134060 201.463828 200.000000 0.357573 149.899105 150.000000
94.400000 0.136193 201.434141 200.000000 0.355308 149.884307 150.000000
94.500000 0.138248 201.404739 200.000000 0.352921 149.869937 150.000000
94.600000 0.140227 201.375622 200.000000 0.350414 149.855993 150.000000
94.700000 0.142131 201.346791 200.000000 0.347791 149.842468 150.000000
94.800000 0.143962 201.318246 200.000000 0.345058 149.829359 150.000000
94.900000 0.145721 201.289988 200.000000 0.342218 149.816660 150.000000
95.000000 0.147409 201.262017 200.000000 0.339275 149.804368 150.000000
95.100000 0.149028 201.234333 200.000000 0.336235 149.792476 150.000000
95.200000 0.150580 201.206936 200.000000 0.333101 149.780979 150.000000
95.300000 0.152065 201.179827 200.000000 0.329879 149.769874 150.000000
95.400000 0.153484 201.153006 200.000000 0.326572 149.759153 150.000000
95.500000 0.154840 201.126472 200.000000 0.323187 149.748813 150.000000
95.600000 0.156133 201.100226 200.000000 0.319727 149.738848 150.000000
95.700000 0.157365 201.074267 200.000000 0.316197 149.729252 150.000000
95.800000 0.158537 201.048596 200.000000 0.312602 149.720020 150.000000
95.900000 0.159649 201.023211 200.000000 0.308947 149.711148 150.000000
96.000000 0.160704 200.998113 200.000000 0.305235 149.702628 150.000000
96.100000 0.161703 200.973301 200.000000 0.301472 149.694456 150.000000
96.200000 0.162646 200.948774 200.000000 0.297661 149.686627 150.000000
96.300000 0.163534 200.924533 200.000000 0.293808 149.679134 150.000000
96.400000 0.164370 200.900577 200.000000 0.289916 149.671973 150.000000
96.500000 0.165153 200.876905 200.000000 0.285989 149.665138 150.000000
96.600000 0.165885 200.853516 200.000000 0.282032 149.658622 150.000000
96.700000 0.166567 200.830411 200.000000 0.278048 149.652422 150.000000
96.800000 0.167200 200.807587 200.000000 0.274041 149.646530 150.000000
96.900000 0.167785 200.785045 200.000000 0.270015 149.640942 150.000000
97.000000 0.168323 200.762783 200.000000 0.265973 149.635651 150.000000
97.100000 0.168815 200.740801 200.000000 0.261918 149.630654 150.000000
97.200000 0.169261 200.719097 200.000000 0.257854 149.625943 150.000000
97.300000 0.169664 200.697671 200.000000 0.253784 149.621513 150.000000
97.400000 0.170022 200.676522 200.000000 0.249710 149.617359 150.000000
97.500000 0.170339 200.655649 200.000000 0.245636 149.613476 150.000000
97.600000 0.170613 200.635051 200.000000 0.241563 149.609858 150.000000
97.700000 0.170847 200.614726 200.000000 0.237496 149.606500 150.000000
97.800000 0.171041 200.594674 200.000000 0.233435 149.603396 150.000000
97.900000 0.171196 200.574893 200.000000 0.229383 149.600541 150.000000
98.000000 0.171312 200.555382 200.000000 0.225343 149.597929 150.000000
98.100000 0.171390 200.536140 200.000000 0.221315 149.595556 150.000000
98.200000 0.171432 200.517165 200.000000 0.217303 149.593416 150.000000
98.300000 0.171438 200.498457 200.000000 0.213307 149.591504 150.000000
98.400000 0.171408 200.480014 200.000000 0.209330 149.589815 150.000000
98.500000 0.171343 200.461834 200.000000 0.205373 149.588344 150.000000
98.600000 0.171245 200.443917 200.000000 0.201436 149.587085 150.000000
98.700000 0.171113 200.426260 200.000000 0.197522 149.586035 150.000000
98.800000 0.170949 200.408863 200.000000 0.193632 149.585186 150.000000
98.900000 0.170752 200.391724 200.000000 0.189766 149.584536 150.000000
99.000000 0.170525 200.374841 200.000000 0.185926 149.584079 150.000000
99.100000 0.170267 200.358213 200.000000 0.182113 149.583810 150.000000
99.200000 0.169978 200.341839 200.000000 0.178326 149.583725 150.000000
99.300000 0.169661 200.325716 200.000000 0.174569 149.583818 150.000000
99.400000 0.169315 200.309844 200.000000 0.170839 149.584085 150.000000
99.500000 0.168940 200.294221 200.000000 0.167140 149.584522 150.000000
99.600000 0.168539 200.278844 200.000000 0.163470 149.585124 150.000000
99.700000 0.168110 200.263713 200.000000 0.159831 149.585886 150.000000
99.800000 0.167655 200.248826 200.000000 0.156223 149.586805 150.000000
99.900000 0.167174 200.234180 200.000000 0.152646 149.587875 150.000000
100.000000 0.166668 200.219775 200.000000 0.149101 149.589092 150.000000
100.100000 0.166138 200.205609 200.000000 0.145589 149.590452 150.000000
100.200000 0.165583 200.191680 200.000000 0.142109 149.591951 150.000000
100.300000 0.165005 200.177986 200.000000 0.138661 149.593585 150.000000
100.400000 0.164404 200.164526 200.000000 0.135247 149.595349 150.000000
100.500000 0.163781 200.151297 200.000000 0.131866 149.597240 150.000000
100.600000 0.163136 200.138298 200.000000 0.128518 149.599253 150.000000
100.700000 0.162469 200.125527 200.000000 0.125204 149.601384 150.000000
100.800000 0.161782 200.112983 200.000000 0.121924 149.603630 150.000000
100.900000 0.161074 200.100663 200.000000 0.118678 149.605987 150.000000
101.000000 0.160347 200.088566 200.000000 0.115466 149.608450 150.000000
101.100000 0.159600 200.076689 200.000000 0.112288 149.611017 150.000000
101.200000 0.158835 200.065032 200.000000 0.109145 149.613683 150.000000
101.300000 0.158051 200.053592 200.000000 0.106037 149.616445 150.000000
101.400000 0.157250 200.042367 200.000000 0.102964 149.619299 150.000000
101.500000 0.156431 200.031355 200.000000 0.099925 149.622242 150.000000
101.600000 0.155596 200.020555 200.000000 0.096922 149.625270 150.000000
101.700000 0.154744 200.009964 200.000000 0.093954 149.628380 150.000000
101.800000 0.153877 199.999581 200.000000 0.091021 149.631569 150.000000
101.900000 0.152994 199.989404 200.000000 0.088124 149.634832 150.000000
102.000000 0.152096 199.979431 200.000000 0.085262 149.638167 150.000000
102.100000 0.151184 199.969660 200.000000 0.082436 149.641571 150.000000
102.200000 0.150258 199.960089 200.000000 0.079646 149.645040 150.000000
102.300000 0.149318 199.950715 200.000000 0.076893 149.648572 150.000000
102.400000 0.148365 199.941539 200.000000 0.074175 149.652162 150.000000
102.500000 0.147400 199.932556 200.000000 0.071494 149.655809 150.000000
102.600000 0.146422 199.923766 200.000000 0.068849 149.659510 150.000000
102.700000 0.145433 199.915166 200.000000 0.066241 149.663260 150.000000
102.800000 0.144432 199.906754 200.000000 0.063669 149.667058 150.000000
102.900000 0.143420 199.898529 200.000000 0.061134 149.670901 150.000000
103.000000 0.142398 199.890488 200.000000 0.058636 149.674786 150.000000
103.100000 0.141366 199.882631 200.000000 0.056176 149.678709 150.000000
103.200000 0.140324 199.874953 200.000000 0.053752 149.682670 150.000000
103.300000 0.139273 199.867455 200.000000 0.051366 149.686664 150.000000
103.400000 0.138213 199.860133 200.000000 0.049016 149.690690 150.000000
103.500000 0.137144 199.852986 200.000000 0.046705 149.694745 150.000000
103.600000 0.136068 199.846012 200.000000 0.044431 149.698826 150.000000
103.700000 0.134983 199.839209 200.000000 0.042194 149.702931 150.000000
103.800000 0.133892 199.832575 200.000000 0.039995 149.707058 150.000000
103.900000 0.132793 199.826108 200.000000 0.037834 149.711204 150.000000
104.000000 0.131688 199.819806 200.000000 0.035710 149.715367 150.000000
104.100000 0.130576 199.813667 200.000000 0.033624 149.719545 150.000000
104.200000 0.129459 199.807689 200.000000 0.031576 149.723736 150.000000
104.300000 0.128336 199.801871 200.000000 0.029565 149.727938 150.000000
104.400000 0.127208 199.796211 200.000000 0.027593 149.732148 150.000000
104.500000 0.126076 199.790705 200.000000 0.025657 149.736364 150.000000
104.600000 0.124938 199.785354 200.000000 0.023760 149.740585 150.000000
104.700000 0.123797 199.780154 200.000000 0.021900 149.744809 150.000000
104.800000 0.122652 199.775104 200.000000 0.020077 149.749034 150.000000
104.900000 0.121503 199.770202 200.000000 0.018292 149.753257 150.000000
105.000000 0.120351 199.765445 200.000000 0.016544 149.757478 150.000000
105.100000 0.119196 199.760833 200.000000 0.014833 149.761694 150.000000
105.200000 0.118039 199.756364 200.000000 0.013160 149.765904 150.000000
105.300000 0.116880 199.752034 200.000000 0.011523 149.770106 150.000000
105.400000 0.115718 199.747843 200.000000 0.009923 149.774299 150.000000
105.500000 0.114555 199.743789 200.000000 0.008359 149.778480 150.000000
105.600000 0.113390 199.739870 200.000000 0.006832 149.782649 150.000000
105.700000 0.112224 199.736083 200.000000 0.005341 149.786804 150.000000
105.800000 0.111058 199.732428 200.000000 0.003885 149.790944 150.000000
105.900000 0.109890 199.728902 200.000000 0.002466 149.795066 150.000000
106.000000 0.108723 199.725504 200.000000 0.001081 149.799171 150.000000
106.100000 0.107555 199.722231 200.000000 -0.000268 149.803256 150.000000
106.200000 0.106388 199.719082 200.000000 -0.001582 149.807320 150.000000
106.300000 0.105221 199.716056 200.000000 -0.002862 149.811363 150.000000
106.400000 0.104055 199.713150 200.000000 -0.004107 149.815382 150.000000
106.500000 0.102890 199.710362 200.000000 -0.005318 149.819378 150.000000
106.600000 0.101726 199.707691 200.000000 -0.006496 149.823347 150.000000
106.700000 0.100563 199.705135 200.000000 -0.007641 149.827291 150.000000
106.800000 0.099402 199.702693 200.000000 -0.008752 149.831207 150.000000
106.900000 0.098243 199.700362 200.000000 -0.009831 149.835095 150.000000
107.000000 0.097086 199.698141 200.000000 -0.010878 149.838954 150.000000
107.100000 0.095931 199.696028 200.000000 -0.011892 149.842782 150.000000
107.200000 0.094778 199.694022 200.000000 -0.012876 149.846580 150.000000
107.300000 0.093629 199.692121 200.000000 -0.013828 149.850345 150.000000
107.400000 0.092482 199.690322 200.000000 -0.014749 149.854078 150.000000
107.500000 0.091338 199.688626 200.000000 -0.015640 149.857778 150.000000
107.600000 0.090197 199.687029 200.000000 -0.016501 149.861443 150.000000
107.700000 0.089060 199.685530 200.000000 -0.017333 149.865074 150.000000
107.800000 0.087927 199.684128 200.000000 -0.018135 149.868669 150.000000
107.900000 0.086797 199.682820 200.000000 -0.018909 149.872228 150.000000
108.000000 0.085671 199.681606 200.000000 -0.019655 149.875750 150.000000
108.100000 0.084549 199.680484 200.000000 -0.020373 149.879235 150.000000
108.200000 0.083432 199.679452 200.000000 -0.021063 149.882682 150.000000
108.300000 0.082319 199.678508 200.000000 -0.021726 149.886091 150.000000
108.400000 0.081210 199.677652 200.000000 -0.022363 149.889461 150.000000
108.500000 0.080107 199.676881 200.000000 -0.022973 149.892792 150.000000
108.600000 0.079008 199.676194 200.000000 -0.023558 149.896083 150.000000
108.700000 0.077914 199.675589 200.000000 -0.024118 149.899334 150.000000
108.800000 0.076825 199.675066 200.000000 -0.024653 149.902545 150.000000
108.900000 0.075741 199.674622 200.000000 -0.025163 149.905715 150.000000
109.000000 0.074663 199.674255 200.000000 -0.025649 149.908844 150.000000
109.100000 0.073591 199.673966 200.000000 -0.026112 149.911932 150.000000
109.200000 0.072524 199.673751 200.000000 -0.026552 149.914979 150.000000
109.300000 0.071463 199.673610 200.000000 -0.026969 149.917983 150.000000
109.400000 0.070407 199.673541 200.000000 -0.027364 149.920946 150.000000
109.500000 0.069358 199.673543 200.000000 -0.027737 149.923866 150.000000
109.600000 0.068314 199.673614 200.000000 -0.028088 149.926744 150.000000
109.700000 0.067277 199.673753 200.000000 -0.028418 149.929579 150.000000
109.800000 0.066246 199.673959 200.000000 -0.028728 149.932372 150.000000
109.900000 0.065222 199.674230 200.000000 -0.029018 149.935123 150.000000
110.000000 0.064204 199.674565 200.000000 -0.029288 149.937830 150.000000
110.100000 0.063192 199.674962 200.000000 -0.029538 149.940495 150.000000
110.200000 0.062188 199.675421 200.000000 -0.029770 149.943117 150.000000
110.300000 0.061190 199.675939 200.000000 -0.029983 149.945695 150.000000
110.400000 0.060198 199.676516 200.000000 -0.030178 149.948231 150.000000
110.500000 0.059214 199.677150 200.000000 -0.030355 149.950725 150.000000
110.600000 0.058236 199.677841 200.000000 -0.030515 149.953175 150.000000
110.700000 0.057266 199.678586 200.000000 -0.030657 149.955583 150.000000
110.800000 0.056302 199.679385 200.000000 -0.030784 149.957947 150.000000
110.900000 0.055346 199.680236 200.000000 -0.030893 149.960270 150.000000
111.000000 0.054397 199.681138 200.000000 -0.030987 149.962550 150.000000
111.100000 0.053455 199.682090 200.000000 -0.031066 149.964787 150.000000
111.200000 0.052521 199.683091 200.000000 -0.031129 149.966982 150.000000
111.300000 0.051594 199.684139 200.000000 -0.031178 149.969135 150.000000
111.400000 0.050674 199.685233 200.000000 -0.031212 149.971246 150.000000
111.500000 0.049762 199.686373 200.000000 -0.031232 149.973315 150.000000
111.600000 0.048857 199.687557 200.000000 -0.031239 149.975343 150.000000
111.700000 0.047960 199.688784 200.000000 -0.031232 149.977330 150.000000
111.800000 0.047070 199.690052 200.000000 -0.031212 149.979275 150.000000
111.900000 0.046188 199.691362 200.000000 -0.031179 149.981179 150.000000
112.000000 0.045314 199.692711 200.000000 -0.031135 149.983043 150.000000
112.100000 0.044448 199.694098 200.000000 -0.031078 149.984866 150.000000
112.200000 0.043589 199.695523 200.000000 -0.031009 149.986649 150.000000
112.300000 0.042738 199.696985 200.000000 -0.030929 149.988392 150.000000
112.400000 0.041895 199.698482 200.000000 -0.030838 149.990095 150.000000
112.500000 0.041059 199.700013 200.000000 -0.030737 149.991759 150.000000
112.600000 0.040232 199.701578 200.000000 -0.030624 149.993384 150.000000
112.700000 0.039412 199.703175 200.000000 -0.030502 149.994970 150.000000
112.800000 0.038600 199.704804 200.000000 -0.030370 149.996518 150.000000
112.900000 0.037796 199.706463 200.000000 -0.030229 149.998027 150.000000
113.000000 0.037000 199.708151 200.000000 -0.030078 149.999499 150.000000
113.100000 0.036212 199.709868 200.000000 -0.029919 150.000934 150.000000
113.200000 0.035432 199.711613 200.000000 -0.029751 150.002331 150.000000
113.300000 0.034659 199.713384 200.000000 -0.029574 150.003692 150.000000
113.400000 0.033895 199.715182 200.000000 -0.029390 150.005016 150.000000
113.500000 0.033139 199.717004 200.000000 -0.029198 150.006304 150.000000
113.600000 0.032390 199.718850 200.000000 -0.028998 150.007557 150.000000
113.700000 0.031650 199.720719 200.000000 -0.028791 150.008774 150.000000
113.800000 0.030917 199.722611 200.000000 -0.028577 150.009956 150.000000
113.900000 0.030193 199.724524 200.000000 -0.028356 150.011104 150.000000
114.000000 0.029476 199.726458 200.000000 -0.028129 150.012218 150.000000
114.100000 0.028767 199.728411 200.000000 -0.027896 150.013298 150.000000
114.200000 0.028067 199.730384 200.000000 -0.027657 150.014345 150.000000
114.300000 0.027374 199.732375 200.000000 -0.027412 150.015359 150.000000
114.400000 0.026689 199.734383 200.000000 -0.027162 150.016341 150.000000
114.500000 0.026012 199.736407 200.000000 -0.026907 150.017290 150.000000
114.600000 0.025343 199.738448 200.000000 -0.026647 150.018208 150.000000
114.700000 0.024681 199.740504 200.000000 -0.026382 150.019094 150.000000
114.800000 0.024028 199.742574 200.000000 -0.026112 150.019950 150.000000
114.900000 0.023382 199.744658 200.000000 -0.025839 150.020775 150.000000
115.000000 0.022745 199.746755 200.000000 -0.025561 150.021571 150.000000
115.100000 0.022115 199.748864 200.000000 -0.025279 150.022337 150.000000
115.200000 0.021493 199.750985 200.000000 -0.024994 150.023073 150.000000
115.300000 0.020878 199.753116 200.000000 -0.024706 150.023781 150.000000
115.400000 0.020272 199.755258 200.000000 -0.024414 150.024461 150.000000
115.500000 0.019673 199.757410 200.000000 -0.024119 150.025113 150.000000
115.600000 0.019081 199.759570 200.000000 -0.023822 150.025738 150.000000
115.700000 0.018498 199.761738 200.000000 -0.023522 150.026335 150.000000
115.800000 0.017922 199.763915 200.000000 -0.023220 150.026907 150.000000
115.900000 0.017354 199.766098 200.000000 -0.022915 150.027452 150.000000
116.000000 0.016793 199.768288 200.000000 -0.022609 150.027971 150.000000
116.100000 0.016240 199.770483 200.000000 -0.022300 150.028465 150.000000
116.200000 0.015694 199.772684 200.000000 -0.021990 150.028935 150.000000
116.300000 0.015156 199.774889 200.000000 -0.021679 150.029380 150.000000
116.400000 0.014625 199.777099 200.000000 -0.021366 150.029801 150.000000
116.500000 0.014101 199.779312 200.000000 -0.021053 150.030199 150.000000
116.600000 0.013585 199.781529 200.000000 -0.020738 150.030573 150.000000
116.700000 0.013077 199.783747 200.000000 -0.020422 150.030925 150.000000
116.800000 0.012575 199.785968 200.000000 -0.020106 150.031255 150.000000
116.900000 0.012081 199.788190 200.000000 -0.019789 150.031563 150.000000
117.000000 0.011594 199.790413 200.000000 -0.019472 150.031850 150.000000
117.100000 0.011115 199.792637 200.000000 -0.019155 150.032116 150.000000
117.200000 0.010642 199.794861 200.000000 -0.018838 150.032362 150.000000
117.300000 0.010177 199.797084 200.000000 -0.018520 150.032587 150.000000
117.400000 0.009718 199.799306 200.000000 -0.018203 150.032793 150.000000
117.500000 0.009267 199.801527 200.000000 -0.017887 150.032979 150.000000
117.600000 0.008823 199.803746 200.000000 -0.017571 150.033147 150.000000
117.700000 0.008385 199.805963 200.000000 -0.017255 150.033296 150.000000
117.800000 0.007955 199.808177 200.000000 -0.016940 150.033427 150.000000
117.900000 0.007531 199.810388 200.000000 -0.016626 150.033541 150.000000
118.000000 0.007114 199.812595 200.000000 -0.016313 150.033637 150.000000
118.100000 0.006704 199.814798 200.000000 -0.016001 150.033717 150.000000
118.200000 0.006300 199.816998 200.000000 -0.015690 150.033780 150.000000
118.300000 0.005904 199.819192 200.000000 -0.015380 150.033828 150.000000
118.400000 0.005513 199.821381 200.000000 -0.015072 150.033859 150.000000
118.500000 0.005130 199.823565 200.000000 -0.014766 150.033876 150.000000
118.600000 0.004753 199.825743 200.000000 -0.014460 150.033877 150.000000
118.700000 0.004382 199.827916 200.000000 -0.014157 150.033864 150.000000
118.800000 0.004018 199.830081 200.000000 -0.013855 150.033837 150.000000
118.900000 0.003660 199.832240 200.000000 -0.013555 150.033797 150.000000
119.000000 0.003308 199.834391 200.000000 -0.013257 150.033742 150.000000
119.100000 0.002963 199.836536 200.000000 -0.012961 150.033675 150.000000
119.200000 0.002624 199.838672 200.000000 -0.012667 150.033596 150.000000
119.300000 0.002291 199.840800 200.000000 -0.012375 150.033504 150.000000
119.400000 0.001964 199.842920 200.000000 -0.012085 150.033400 150.000000
119.500000 0.001643 199.845032 200.000000 -0.011798 150.033284 150.000000
119.600000 0.001329 199.847134 200.000000 -0.011513 150.033158 150.000000
119.700000 0.001020 199.849227 200.000000 -0.011230 150.033020 150.000000
119.800000 0.000717 199.851311 200.000000 -0.010950 150.032872 150.000000
119.900000 0.000420 199.853385 200.000000 -0.010672 150.032714 150.000000
